6
0
0
-2.49785777551e-24
-3.61802480314e-24
-7.85306329129e-24
0
0
0
-1.29237353043e-24
-7.52648365927e-25
-8.87486851143e-24
9
0
0
-1.21978164504e-24
-2.82836114022e-24
-8.4565067255e-24
7
0
0
-1.2118046158e-24
-2.52338286881e-24
-8.55359973751e-24
5
0
0
-3.77210750704e-24
-2.12802055559e-24
-7.88940640799e-24
8
0
0
3.26401841338e-24
7.71952152874e-25
8.35166292848e-24
4
0
0
-3.67732587044e-24
-1.67070982193e-24
-8.04276091484e-24
1
0
0
4.22680893509e-24
6.86786199953e-25
7.91595925595e-24
2
0
0
-3.871340129e-25
-3.22366919696e-25
-8.98588931744e-24
6
0
0
-2.52008827299e-24
-3.49626039681e-24
-7.90096945531e-24
0
0
0
-1.29179694963e-24
-8.33528891038e-25
-8.86772181729e-24
9
0
0
-1.20227591962e-24
-2.88592816935e-24
-8.43954686066e-24
7
0
0
-1.18657065301e-24
-2.52093269136e-24
-8.5578588706e-24
5
0
0
-3.76343686225e-24
-1.96560067279e-24
-7.93555020016e-24
8
0
0
3.2276859474e-24
6.63361307338e-25
8.37508180266e-24
4
0
0
-3.67253766969e-24
-1.5691384337e-24
-8.06537486049e-24
1
0
0
4.228277604e-24
5.79128779921e-25
7.92377929776e-24
2
0
0
-3.868148329e-25
-3.86067381636e-25
-8.98339169035e-24
6
0
0
-2.54147480732e-24
-3.37402216259e-24
-7.94713031539e-24
0
0
0
-1.28968379828e-24
-9.14351704347e-25
-8.86006075946e-24
9
0
0
-1.18347504183e-24
-2.94270600938e-24
-8.42258084947e-24
7
0
0
-1.16164179084e-24
-2.51754325952e-24
-8.56227564864e-24
5
0
0
-3.7535684651e-24
-1.80228924824e-24
-7.97887694126e-24
8
0
0
3.18895323698e-24
5.56030612727e-25
8.39770249595e-24
4
0
0
-3.66805362059e-24
-1.46737288991e-24
-8.08654434463e-24
1
0
0
4.22666254701e-24
4.71516827463e-25
7.93177127726e-24
2
0
0
-3.85275868717e-25
-4.49759454567e-25
-8.98049435935e-24
6
0
0
-2.56202791677e-24
-3.25136211879e-24
-7.99153660604e-24
0
0
0
-1.28603580023e-24
-9.95051052703e-25
-8.851891624e-24
9
0
0
-1.16339992544e-24
-2.99864685912e-24
-8.40563011471e-24
7
0
0
-1.13702904443e-24
-2.51319468677e-24
-8.56685574844e-24
5
0
0
-3.74249998513e-24
-1.63815958234e-24
-8.01935951585e-24
8
0
0
3.14786399499e-24
4.50031230291e-25
8.41952636206e-24
4
0
0
-3.66387591884e-24
-1.36545552289e-24
-8.10626575344e-24
1
0
0
4.22196576506e-24
3.64054532577e-25
7.93992880166e-24
2
0
0
-3.82518777903e-25
-5.13382341079e-25
-8.9771998951e-24
6
0
0
-2.58175899675e-24
-3.12833228332e-24
-8.03418058094e-24
0
0
0
-1.28085620251e-24
-1.07556141518e-24
-8.84322198242e-24
9
0
0
-1.14207247671e-24
-3.05370411528e-24
-8.38871632796e-24
7
0
0
-1.11274344988e-24
-2.50786739574e-24
-8.5716044668e-24
5
0
0
-3.73022946187e-24
-1.47328565213e-24
-8.05697322507e-24
8
0
0
3.10446395277e-24
3.4543272962e-25
8.44055565683e-24
4
0
0
-3.66000690689e-24
-1.26342877794e-24
-8.1245367353e-24
1
0
0
4.21419242544e-24
2.56845968351e-25
7.94824586616e-24
2
0
0
-3.78546492285e-25
-5.76875367489e-25
-8.97351198604e-24
6
0
0
-2.60068028066e-24
-3.00498460519e-24
-8.07505601215e-24
0
0
0
-1.27414976837e-24
-1.15581759171e-24
-8.83406067796e-24
9
0
0
-1.119515556e-24
-3.10783240745e-24
-8.37186136072e-24
7
0
0
-1.08879606209e-24
-2.50154213043e-24
-8.57652669202e-24
5
0
0
-3.71675529881e-24
-1.30774201043e-24
-8.09169579776e-24
8
0
0
3.05880079409e-24
2.42303015047e-25
8.46079351786e-24
4
0
0
-3.65644907556e-24
-1.16133516524e-24
-8.14135620091e-24
1
0
0
4.20335085285e-24
1.49994962841e-25
7.95671685544e-24
2
0
0
-3.7336321414e-25
-6.40178060572e-25
-8.96943543156e-24
6
0
0
-2.6188048191e-24
-2.88137089692e-24
-8.11415818632e-24
0
0
0
-1.2659227674e-24
-1.23575479057e-24
-8.82441780763e-24
9
0
0
-1.09575293839e-24
-3.16098762985e-24
-8.35508723456e-24
7
0
0
-1.06519795328e-24
-2.49419996831e-24
-8.58162687557e-24
5
0
0
-3.7020762568e-24
-1.14160368514e-24
-8.12350739616e-24
8
0
0
3.01092408707e-24
1.40708255875e-25
8.48024394282e-24
4
0
0
-3.65320506508e-24
-1.05921721183e-24
-8.15672432099e-24
1
0
0
4.18945251448e-24
4.36049716157e-26
7.96533654239e-24
2
0
0
-3.66974410193e-25
-7.0323022369e-25
-8.96497613128e-24
6
0
0
-2.63614645773e-24
-2.75754276765e-24
-8.15148389782e-24
0
0
0
-1.2561829628e-24
-1.31530871458e-24
-8.8143047002e-24
9
0
0
-1.07080927351e-24
-3.21312696991e-24
-8.33841607078e-24
7
0
0
-1.04196021202e-24
-2.48582233225e-24
-8.58690900389e-24
5
0
0
-3.68619144701e-24
-9.74946078979e-25
-8.15239061623e-24
8
0
0
2.96088521438e-24
4.0712820461e-26
8.49891176651e-24
4
0
0
-3.65027766562e-24
-9.57117414072e-25
-8.17064252168e-24
1
0
0
4.17251199909e-24
-6.22210486057e-26
7.97410008441e-24
2
0
0
-3.59386803484e-25
-7.65972012059e-25
-8.9601410704e-24
6
0
0
-2.65271981377e-24
-2.63355155744e-24
-8.18703143894e-24
0
0
0
-1.24493959571e-24
-1.3944156455e-24
-8.80373389016e-24
9
0
0
-1.04471004462e-24
-3.26420893353e-24
-8.32187003951e-24
7
0
0
-1.01909394288e-24
-2.47639100252e-24
-8.59237657051e-24
5
0
0
-3.66910032345e-24
-8.07844869934e-25
-8.17833048263e-24
8
0
0
2.90873730203e-24
-5.76207857878e-26
8.51680263681e-24
4
0
0
-3.64766981734e-24
-8.55078190652e-25
-8.18311347768e-24
1
0
0
4.15254699019e-24
-1.67380764839e-25
7.9830030171e-24
2
0
0
-3.50608363135e-25
-8.28344006908e-25
-8.95493830133e-24
6
0
0
-2.66854025111e-24
-2.50944827266e-24
-8.2208005871e-24
0
0
0
-1.23220336695e-24
-1.47301252651e-24
-8.7927190878e-24
9
0
0
-1.01748152722e-24
-3.31419336725e-24
-8.30547130866e-24
7
0
0
-9.96610266533e-25
-2.46588812865e-24
-8.59803254843e-24
5
0
0
-3.65080267515e-24
-6.40375912862e-25
-8.20131443842e-24
8
0
0
2.85453514683e-24
-1.5423197848e-25
8.5339229897e-24
4
0
0
-3.64538460998e-24
-7.53141836121e-25
-8.19414110305e-24
1
0
0
4.12957823349e-24
-2.71772590833e-25
7.99204124544e-24
2
0
0
-3.40648292072e-25
-8.90287288285e-25
-8.94937692153e-24
6
0
0
-2.68362385439e-24
-2.38528352288e-24
-8.25279258925e-24
0
0
0
-1.21798641593e-24
-1.55103704243e-24
-8.78127514548e-24
9
0
0
-9.89150747249e-25
-3.36304147722e-24
-8.2892419927e-24
7
0
0
-9.74520320422e-25
-2.45429624139e-24
-8.60387936304e-24
5
0
0
-3.63129861788e-24
-4.72615142416e-25
-8.22133232971e-24
8
0
0
2.79833514296e-24
-2.49062148378e-25
8.55028002325e-24
4
0
0
-3.6434252819e-24
-6.51350475253e-25
-8.20373053981e-24
1
0
0
4.10362949889e-24
-3.75295807809e-25
8.0012110326e-24
2
0
0
-3.29517012769e-25
-9.51743506285e-25
-8.94346704775e-24
6
0
0
-2.6979874019e-24
-2.26110745913e-24
-8.28301014334e-24
0
0
0
-1.20230229723e-24
-1.62842769745e-24
-8.76941802041e-24
9
0
0
-9.5974543913e-25
-3.41071584517e-24
-8.27320410159e-24
7
0
0
-9.52835259841e-25
-2.4415982648e-24
-8.60991886542e-24
5
0
0
-3.61058858553e-24
-3.04638477678e-25
-8.23837638521e-24
8
0
0
2.74019520769e-24
-3.4205471161e-25
8.56588167093e-24
4
0
0
-3.64179521866e-24
-5.49746018257e-25
-8.21188814442e-24
1
0
0
4.07472753702e-24
-4.77850682583e-25
8.01050898628e-24
2
0
0
-3.17226151099e-25
-1.01265495048e-24
-8.93721978679e-24
6
0
0
-2.71164833756e-24
-2.13696971396e-24
-8.31145737714e-24
0
0
0
-1.18516595457e-24
-1.70512389006e-24
-8.75716473382e-24
9
0
0
-9.29294003617e-25
-3.45718044133e-24
-8.25737948994e-24
7
0
0
-9.31566259468e-25
-2.42777752837e-24
-8.61615230624e-24
5
0
0
-3.58867332124e-24
-1.36521728738e-25
-8.25244119103e-24
8
0
0
2.68017470653e-24
-4.33155155998e-25
8.58073657421e-24
4
0
0
-3.64049795116e-24
-4.48370116958e-25
-8.21862147206e-24
1
0
0
4.04290203075e-24
-5.79338582728e-25
8.01993204276e-24
2
0
0
-3.03788518363e-25
-1.07296461731e-24
-8.93064720288e-24
6
0
0
-2.72462474197e-24
-2.01291934323e-24
-8.3381398243e-24
0
0
0
-1.16659369271e-24
-1.78106598509e-24
-8.74453332704e-24
9
0
0
-8.9782546577e-25
-3.50240063449e-24
-8.24178980669e-24
7
0
0
-9.10724515271e-25
-2.41281777938e-24
-8.62258031028e-24
5
0
0
-3.56555386813e-24
3.16594944845e-26
-8.26352366066e-24
8
0
0
2.61833437818e-24
-5.22311083546e-25
8.59485405455e-24
4
0
0
-3.63953715328e-24
-3.47264122072e-25
-8.2239392589e-24
1
0
0
4.00818554186e-24
-6.79662088467e-25
8.0294774488e-24
2
0
0
-2.89218091605e-25
-1.13261627533e-24
-8.9237622819e-24
6
0
0
-2.73693530276e-24
-1.88900476985e-24
-8.36306439794e-24
0
0
0
-1.14660314705e-24
-1.85619538252e-24
-8.73154281436e-24
9
0
0
-8.65369433075e-25
-3.54634319929e-24
-8.22645644523e-24
7
0
0
-8.90321246759e-25
-2.39670319546e-24
-8.62920285171e-24
5
0
0
-3.54123155983e-24
1.99829870929e-25
-8.27162300052e-24
8
0
0
2.55473625911e-24
-6.09472249157e-25
8.60824408501e-24
4
0
0
-3.63891663911e-24
-2.46469041668e-25
-8.22785140236e-24
1
0
0
3.97061345309e-24
-7.78725100998e-25
8.03914274134e-24
2
0
0
-2.73529992312e-25
-1.19155452803e-24
-8.91657889241e-24
6
0
0
-2.74859928415e-24
-1.76527372959e-24
-8.38623936163e-24
0
0
0
-1.1252132514e-24
-1.93045458297e-24
-8.71821313315e-24
9
0
0
-8.31956053868e-25
-3.58897632073e-24
-8.21140049449e-24
7
0
0
-8.70367699519e-25
-2.37941839745e-24
-8.63601923007e-24
5
0
0
-3.51570801082e-24
3.67914454341e-25
-8.27674067114e-24
8
0
0
2.48944360842e-24
-6.94590595648e-25
8.62091726144e-24
4
0
0
-3.63864035973e-24
-1.46025500914e-25
-8.23036893943e-24
1
0
0
3.93022390598e-24
-8.76432946987e-25
8.0489257252e-24
2
0
0
-2.56740463615e-25
-1.24972487414e-24
-8.90911174399e-24
6
0
0
-2.75963649606e-24
-1.64177321897e-24
-8.40767429807e-24
0
0
0
-1.10244420388e-24
-2.00378724968e-24
-8.70456509123e-24
9
0
0
-7.97615976176e-25
-3.63026959627e-24
-8.19664269072e-24
7
0
0
-8.50875147987e-25
-2.36094846247e-24
-8.64302804715e-24
5
0
0
-3.48898510645e-24
5.3583875625e-25
-8.27888034426e-24
8
0
0
2.42252083278e-24
-7.77620285166e-25
8.6328847734e-24
4
0
0
-3.63871239957e-24
-4.59737032002e-26
-8.23150402325e-24
1
0
0
3.88705773475e-24
-9.72692479006e-25
8.05882444892e-24
2
0
0
-2.38866846097e-25
-1.30707376522e-24
-8.90137634272e-24
6
0
0
-2.77006726266e-24
-1.51854944554e-24
-8.42738007548e-24
0
0
0
-1.07831743127e-24
-2.07613826685e-24
-8.69062031189e-24
9
0
0
-7.62380307072e-25
-3.67019403537e-24
-8.18220337046e-24
7
0
0
-8.31854898416e-25
-2.34127893748e-24
-8.65022718475e-24
5
0
0
-3.46106499295e-24
7.03528825763e-25
-8.27804785599e-24
8
0
0
2.35403341184e-24
-8.58517727106e-25
8.64415837503e-24
4
0
0
-3.63913697241e-24
5.36466072741e-26
-8.23126989777e-24
1
0
0
3.84115839659e-24
-1.06741217169e-24
8.06883717877e-24
2
0
0
-2.1992755235e-25
-1.36354866054e-24
-8.89338894425e-24
6
0
0
-2.77991239056e-24
-1.39564778044e-24
-8.44536881185e-24
0
0
0
-1.05285555179e-24
-2.14745379424e-24
-8.67640117668e-24
9
0
0
-7.26280572663e-25
-3.7087220569e-24
-8.16810242461e-24
7
0
0
-8.13318291958e-25
-2.32039585308e-24
-8.65761378343e-24
5
0
0
-3.43195006717e-24
8.70911325983e-25
-8.27425115638e-24
8
0
0
2.28404782413e-24
-9.37241602638e-25
8.65475035574e-24
4
0
0
-3.63991841695e-24
1.52796181378e-25
-8.22968087089e-24
1
0
0
3.79257189864e-24
-1.16050221347e-24
8.07896237115e-24
2
0
0
-1.99942040389e-25
-1.41909807892e-24
-8.88516650455e-24
6
0
0
-2.78919313672e-24
-1.27311271335e-24
-8.46165383712e-24
0
0
0
-1.02608233676e-24
-2.21768131791e-24
-8.66193076626e-24
9
0
0
-6.89348678783e-25
-3.74582748429e-24
-8.15435925384e-24
7
0
0
-7.95276707821e-25
-2.29828573785e-24
-8.6651842223e-24
5
0
0
-3.40164296636e-24
1.03791360686e-24
-8.26750025546e-24
8
0
0
2.21263147376e-24
-1.01375288597e-24
8.66467351103e-24
4
0
0
-3.64106119206e-24
2.51436299311e-25
-8.22675228593e-24
1
0
0
3.74134672212e-24
-1.25187459369e-24
8.08919864349e-24
2
0
0
-1.78930786067e-25
-1.47367164771e-24
-8.87672662855e-24
6
0
0
-2.79793117622e-24
-1.15098781008e-24
-8.47624965345e-24
0
0
0
-9.98022671114e-25
-2.28676969709e-24
-8.64723279948e-24
9
0
0
-6.51616872481e-25
-3.78148553874e-24
-8.14099272538e-24
7
0
0
-7.77741566433e-25
-2.27493563308e-24
-8.67293409993e-24
5
0
0
-3.37014655778e-24
1.20446377432e-24
-8.25780716627e-24
8
0
0
2.1398526178e-24
-1.0880148625e-24
8.6739411134e-24
4
0
0
-3.64256987171e-24
3.4952880318e-25
-8.22250049169e-24
1
0
0
3.68753374386e-24
-1.34144318506e-24
8.09954474371e-24
2
0
0
-1.56915254614e-25
-1.52722014864e-24
-8.86808751698e-24
6
0
0
-2.80614856984e-24
-1.02931567264e-24
-8.48917189383e-24
0
0
0
-9.68702512967e-25
-2.35466920709e-24
-8.6323315711e-24
9
0
0
-6.13117704379e-25
-3.81567283069e-24
-8.12802113136e-24
7
0
0
-7.60724332551e-25
-2.25033310799e-24
-8.68085821637e-24
5
0
0
-3.33746392836e-24
1.37049075553e-24
-8.24518584482e-24
8
0
0
2.06578029471e-24
-1.15999314393e-24
8.68256688349e-24
4
0
0
-3.64444913952e-24
4.47036127853e-25
-8.21694281102e-24
1
0
0
3.63118615565e-24
-1.4291238213e-24
8.10999951858e-24
2
0
0
-1.33917871435e-25
-1.57969556061e-24
-8.85926791144e-24
6
0
0
-2.81386773172e-24
-9.08137901972e-25
-8.50043727886e-24
0
0
0
-9.38148852583e-25
-2.42133157829e-24
-8.61725188816e-24
9
0
0
-5.73883991969e-25
-3.84836734953e-24
-8.11546214877e-24
7
0
0
-7.4423651825e-25
-2.2244662755e-24
-8.68895055649e-24
5
0
0
-3.30359837438e-24
1.53592436017e-24
-8.22965212754e-24
8
0
0
1.99048425376e-24
-1.2296556806e-24
8.69056496146e-24
4
0
0
-3.64670378306e-24
5.43921330007e-25
-8.21009750821e-24
1
0
0
3.57235938181e-24
-1.51483437002e-24
8.12056188096e-24
2
0
0
-1.09961992306e-25
-1.63105109931e-24
-8.85028703815e-24
6
0
0
-2.82111139703e-24
-7.87495063353e-25
-8.51006357219e-24
0
0
0
-9.06389670735e-25
-2.48671003115e-24
-8.60201900545e-24
9
0
0
-5.33948783883e-25
-3.87954845184e-24
-8.10333280117e-24
7
0
0
-7.28289685727e-25
-2.19732380847e-24
-8.69720427452e-24
5
0
0
-3.26855339112e-24
1.70069533761e-24
-8.21122366628e-24
8
0
0
1.91403488553e-24
-1.29697277104e-24
8.69794987887e-24
4
0
0
-3.64933868787e-24
6.40148115352e-25
-8.20198375516e-24
1
0
0
3.51111099523e-24
-1.5984948007e-24
8.13123077609e-24
2
0
0
-8.50718730862e-26
-1.68124125381e-24
-8.84116455042e-24
6
0
0
-2.82790258983e-24
-6.6742665452e-25
-8.51806953451e-24
0
0
0
-8.73453896739e-25
-2.55075930735e-24
-8.5866585602e-24
9
0
0
-4.93345325212e-25
-3.90919684834e-24
-8.09164942214e-24
7
0
0
-7.1289544986e-25
-2.16889495658e-24
-8.70561167998e-24
5
0
0
-3.23233266274e-24
1.86473542988e-24
-8.18991986123e-24
8
0
0
1.83650315366e-24
-1.36191706903e-24
8.70473653085e-24
4
0
0
-3.65235883123e-24
7.35680863979e-25
-8.1926215964e-24
1
0
0
3.44750063235e-24
-1.6800272479e-24
8.14200514725e-24
2
0
0
-5.92726390803e-26
-1.73022181995e-24
-8.83192047017e-24
6
0
0
-2.83426459119e-24
-5.47971076529e-25
-8.52447487634e-24
0
0
0
-8.39371366318e-25
-2.61343569705e-24
-8.57119650626e-24
9
0
0
-4.52107023889e-25
-3.93729458962e-24
-8.08042762066e-24
7
0
0
-6.98065480452e-25
-2.13916956369e-24
-8.71416422498e-24
5
0
0
-3.19494005214e-24
2.02797742039e-24
-8.16576179208e-24
8
0
0
1.75796052778e-24
-1.42446358823e-24
8.71094014886e-24
4
0
0
-3.65576927567e-24
8.30484653804e-25
-8.18203191326e-24
1
0
0
3.38158990738e-24
-1.75935606966e-24
8.15288390073e-24
2
0
0
-3.25902541805e-26
-1.77794993069e-24
-8.82257512869e-24
6
0
0
-2.84022090753e-24
-4.29165607367e-25
-8.52930020977e-24
0
0
0
-8.04172779452e-25
-2.67469706242e-24
-8.55565904802e-24
9
0
0
-4.10267418168e-25
-3.96382505089e-24
-8.0696822484e-24
7
0
0
-6.83811504093e-25
-2.10813808583e-24
-8.72285249299e-24
5
0
0
-3.15637959109e-24
2.19035517839e-24
-8.13877214749e-24
8
0
0
1.67847891779e-24
-1.48458970457e-24
8.71657627401e-24
4
0
0
-3.6595751623e-24
9.24525282081e-25
-8.17023638705e-24
1
0
0
3.31344232605e-24
-1.83640790127e-24
8.16386587048e-24
2
0
0
-5.05148989624e-27
-1.82438408351e-24
-8.81314910682e-24
6
0
0
-2.8457952394e-24
-3.11046378337e-25
-8.5325669992e-24
0
0
0
-7.67889658384e-25
-2.73450285742e-24
-8.54007257434e-24
9
0
0
-3.6786014523e-25
-3.98877291583e-24
-8.05942736908e-24
7
0
0
-6.70145305579e-25
-2.07579160973e-24
-8.73166618913e-24
5
0
0
-3.11665547049e-24
2.35180369894e-24
-8.10897515344e-24
8
0
0
1.59813060939e-24
-1.54227515652e-24
8.72166073099e-24
4
0
0
-3.66378170394e-24
1.01776928498e-24
-8.15725746153e-24
1
0
0
3.24312319933e-24
-1.91111170441e-24
8.17494978243e-24
2
0
0
2.33161056072e-26
-1.86948416473e-24
-8.80366317487e-24
6
0
0
-2.85101145068e-24
-1.93648353207e-25
-8.53429751138e-24
0
0
0
-7.30554305939e-25
-2.79281414412e-24
-8.52446359256e-24
9
0
0
-3.24918910908e-25
-4.01212415981e-24
-8.04967622982e-24
7
0
0
-6.57078728824e-25
-2.04212187199e-24
-8.74059413195e-24
5
0
0
-3.07577203091e-24
2.51225913872e-24
-8.07639650047e-24
8
0
0
1.51698820097e-24
-1.59750204341e-24
8.72620960267e-24
4
0
0
-3.66839417803e-24
1.1101839552e-24
-8.14311830472e-24
1
0
0
3.17069955727e-24
-1.98339881179e-24
8.18613421877e-24
2
0
0
5.24842383556e-26
-1.91321147108e-24
-8.79413823236e-24
6
0
0
-2.85589353824e-24
-7.70053101109e-26
-8.53451476472e-24
0
0
0
-6.92199764281e-25
-2.84959360547e-24
-8.50885866302e-24
9
0
0
-2.81477460558e-25
-4.03386603249e-24
-8.04044123466e-24
7
0
0
-6.44623677201e-25
-2.00712127875e-24
-8.74962424691e-24
5
0
0
-3.03373375337e-24
2.67165884729e-24
-8.04106327026e-24
8
0
0
1.43512454183e-24
-1.65025482195e-24
8.73023920537e-24
4
0
0
-3.67341791951e-24
1.20173735762e-24
-8.12784277011e-24
1
0
0
3.09624006344e-24
-2.05320296761e-24
8.19741758233e-24
2
0
0
8.24238992003e-26
-1.95552872846e-24
-8.78459524793e-24
6
0
0
-2.86046560222e-24
3.88501737953e-26
-8.53324247815e-24
0
0
0
-6.52859774272e-25
-2.90480555489e-24
-8.49328433408e-24
9
0
0
-2.37569551041e-25
-4.05398704003e-24
-8.03173392015e-24
7
0
0
-6.32792113247e-25
-1.97078292596e-24
-8.75874356142e-24
5
0
0
-2.99054525043e-24
2.82994139414e-24
-8.00300386166e-24
8
0
0
1.35261267171e-24
-1.70052030106e-24
8.73376606497e-24
4
0
0
-3.67885831339e-24
1.29239834303e-24
-8.11145535744e-24
1
0
0
3.01981493004e-24
-2.12046036373e-24
8.20879806114e-24
2
0
0
1.13105394146e-25
-1.99640010805e-24
-8.77505519948e-24
6
0
0
-2.86475181678e-24
1.53886734969e-25
-8.53050501957e-24
0
0
0
-6.12568735525e-25
-2.95841594269e-24
-8.47776707802e-24
9
0
0
-1.93228923839e-25
-4.0724769271e-24
-8.0235649332e-24
7
0
0
-6.21596057677e-25
-1.9331006202e-24
-8.76793820162e-24
5
0
0
-2.9462112576e-24
2.98704659132e-24
-7.96224791661e-24
8
0
0
1.26952576164e-24
-1.74828763516e-24
8.73680689369e-24
4
0
0
-3.68472078737e-24
1.38213655985e-24
-8.09398117314e-24
1
0
0
2.94149583416e-24
-2.18510967204e-24
8.22027359351e-24
2
0
0
1.44498374292e-25
-2.03579123995e-24
-8.76553901488e-24
6
0
0
-2.86877640159e-24
2.68074233422e-25
-8.52632735416e-24
0
0
0
-5.71361667287e-25
-3.0103923596e-24
-8.4623332279e-24
9
0
0
-1.4848927925e-25
-4.08932665861e-24
-8.01594401108e-24
7
0
0
-6.11047587657e-25
-1.89406889997e-24
-8.77719339092e-24
5
0
0
-2.90073662517e-24
3.1429155119e-24
-7.91882624604e-24
8
0
0
1.18593705604e-24
-1.79354831603e-24
8.73937856774e-24
4
0
0
-3.69101080423e-24
1.47092246397e-24
-8.07544589043e-24
1
0
0
2.86135583514e-24
-2.24709207304e-24
8.23184183353e-24
2
0
0
1.76571865309e-25
-2.07366922436e-24
-8.75606751329e-24
6
0
0
-2.87256359398e-24
3.81383760008e-25
-8.52073499253e-24
0
0
0
-5.29274170229e-25
-3.06070403747e-24
-8.4470089156e-24
9
0
0
-1.03384251666e-25
-4.10452840159e-24
-8.00887996367e-24
7
0
0
-6.01158834256e-25
-1.85368305755e-24
-8.78649345027e-24
5
0
0
-2.85412631038e-24
3.29749050414e-24
-7.87277075609e-24
8
0
0
1.10191981608e-24
-1.83629616341e-24
8.74149810576e-24
4
0
0
-3.69773385421e-24
1.55872732669e-24
-8.05587570937e-24
1
0
0
2.77946929355e-24
-2.30635128094e-24
8.24350011745e-24
2
0
0
2.09294296395e-25
-2.11000264064e-24
-8.74666134738e-24
6
0
0
-2.8761376217e-24
4.93787641109e-25
-8.51375393893e-24
0
0
0
-4.86342389257e-25
-3.10932184751e-24
-8.43182001115e-24
9
0
0
-5.79473858855e-26
-4.11807550701e-24
-8.00238065791e-24
7
0
0
-5.91941979064e-25
-1.8119391612e-24
-8.7958218003e-24
5
0
0
-2.80638537006e-24
3.4507152016e-24
-7.82411437484e-24
8
0
0
1.01754726423e-24
-1.87652731436e-24
8.7431826481e-24
4
0
0
-3.70489544727e-24
1.6455232407e-24
-8.03529731676e-24
1
0
0
2.69591179167e-24
-2.36283356553e-24
8.25524543084e-24
2
0
0
2.42633528641e-25
-2.14476155416e-24
-8.7373409466e-24
6
0
0
-2.87952267657e-24
6.05259440755e-25
-8.50541063971e-24
0
0
0
-4.42602977391e-25
-3.15621829612e-24
-8.41679206361e-24
9
0
0
-1.22121144298e-26
-4.12996249195e-24
-7.99645300457e-24
7
0
0
-5.83409249883e-25
-1.76883407789e-24
-8.80516096531e-24
5
0
0
-2.75751895368e-24
3.60253452917e-24
-7.77289097984e-24
8
0
0
9.32892529875e-25
-1.91424021158e-24
8.74444943695e-24
4
0
0
-3.71250110532e-24
1.73128312431e-24
-8.01373784605e-24
1
0
0
2.61076005592e-24
-2.41648777101e-24
8.26707437684e-24
2
0
0
2.76556882787e-25
-2.17791752137e-24
-8.72812646161e-24
6
0
0
-2.88274288872e-24
7.15773960241e-25
-8.495731932e-24
0
0
0
-3.98093060789e-25
-3.20136751859e-24
-8.40195024356e-24
9
0
0
3.37882641808e-26
-4.14018502193e-24
-7.99110294717e-24
7
0
0
-5.75572915488e-25
-1.72436549629e-24
-8.8144925791e-24
5
0
0
-2.707532297e-24
3.75289470517e-24
-7.71913532663e-24
8
0
0
8.48028596105e-25
-1.9494355907e-24
8.74531579727e-24
4
0
0
-3.72055635438e-24
1.81598072378e-24
-7.99122483745e-24
1
0
0
2.52409188108e-24
-2.46726533212e-24
8.27898314559e-24
2
0
0
3.11031166312e-25
-2.20944359308e-24
-8.71903771013e-24
6
0
0
-2.88582230174e-24
8.25307235312e-25
-8.48474499291e-24
0
0
0
-3.52850204964e-25
-3.24474527093e-24
-8.38731928735e-24
9
0
0
8.00206062365e-26
-4.14873989376e-24
-7.98633545321e-24
7
0
0
-5.68445279385e-25
-1.67853195012e-24
-8.82379739281e-24
5
0
0
-2.65643071608e-24
3.90174323962e-24
-7.66288297841e-24
8
0
0
7.63028247406e-25
-1.98211646666e-24
8.74579911861e-24
4
0
0
-3.72906671665e-24
1.89959061391e-24
-7.96778619814e-24
1
0
0
2.43598605664e-24
-2.51512028779e-24
8.29096748499e-24
2
0
0
3.46022699843e-25
-2.23931431614e-24
-8.71009412415e-24
6
0
0
-2.88878484852e-24
9.33836530951e-25
-8.47247728922e-24
0
0
0
-3.06912382217e-25
-3.28632891992e-24
-8.37292344328e-24
9
0
0
1.26451942782e-25
-4.15562501878e-24
-7.98215450766e-24
7
0
0
-5.62038672542e-25
-1.63133284177e-24
-8.83305528469e-24
5
0
0
-2.60421960201e-24
4.04902892882e-24
-7.60417023719e-24
8
0
0
6.77964018337e-25
-2.01228811928e-24
8.74591683773e-24
4
0
0
-3.73803770267e-24
1.98208819693e-24
-7.94345016282e-24
1
0
0
2.34652229526e-24
-2.56000929256e-24
8.30302267288e-24
2
0
0
3.81497342883e-25
-2.26750573375e-24
-8.70131469897e-24
6
0
0
-2.89165432797e-24
1.04134033388e-24
-8.45895652785e-24
0
0
0
-2.6031794032e-25
-3.32609743175e-24
-8.35878641974e-24
9
0
0
1.73049498753e-25
-4.16083940663e-24
-7.9785631086e-24
7
0
0
-5.56365445066e-25
-1.58276846599e-24
-8.84224527182e-24
5
0
0
-2.55090441604e-24
4.19470184634e-24
-7.54303407644e-24
8
0
0
5.92908143036e-25
-2.03995807802e-24
8.74568642202e-24
4
0
0
-3.7474748033e-24
2.06344969967e-24
-7.91824525453e-24
1
0
0
2.25578116338e-24
-2.60189162604e-24
8.31514349094e-24
2
0
0
4.17420518839e-25
-2.29399538462e-24
-8.6927179438e-24
6
0
0
-2.89445438246e-24
1.1477983428e-24
-8.44421060699e-24
0
0
0
-2.13105572449e-25
-3.36403135935e-24
-8.34493133548e-24
9
0
0
2.1978071135e-25
-4.16438314967e-24
-7.97556326515e-24
7
0
0
-5.5143795678e-25
-1.53284003386e-24
-8.85134552386e-24
5
0
0
-2.49649068546e-24
4.33871333061e-24
-7.47951207566e-24
8
0
0
5.07932505497e-25
-2.06513610603e-24
8.74512535375e-24
4
0
0
-3.75738348178e-24
2.14365216909e-24
-7.89220024602e-24
1
0
0
2.16384401402e-24
-2.64072920077e-24
8.32732420025e-24
2
0
0
4.53757239368e-25
-2.31876230098e-24
-8.68432183436e-24
6
0
0
-2.89720847615e-24
1.25319145652e-24
-8.42826756822e-24
0
0
0
-1.65314288366e-25
-3.40011282872e-24
-8.33138067206e-24
9
0
0
2.66613247726e-25
-4.16625740798e-24
-7.97315599757e-24
7
0
0
-5.47268566694e-25
-1.4815496966e-24
-8.86033337888e-24
5
0
0
-2.44098399997e-24
4.48101596916e-24
-7.41364235675e-24
8
0
0
4.23108590547e-25
-2.08783418347e-24
8.74425111506e-24
4
0
0
-3.76776916571e-24
2.22267346633e-24
-7.8653441215e-24
1
0
0
2.07079292185e-24
-2.67648656862e-24
8.33955851871e-24
2
0
0
4.90472128064e-25
-2.34178700579e-24
-8.67614376746e-24
6
0
0
-2.89993987407e-24
1.35750175993e-24
-8.41115554966e-24
0
0
0
-1.1698338683e-25
-3.43432552434e-24
-8.31815622864e-24
9
0
0
3.13515022029e-25
-4.16646439506e-24
-7.97134133951e-24
7
0
0
-5.43869621339e-25
-1.42890056948e-24
-8.86918536112e-24
5
0
0
-2.38439000876e-24
4.62156357981e-24
-7.34546352258e-24
8
0
0
3.3850743542e-25
-2.10806649027e-24
8.7430811737e-24
4
0
0
-3.77863723904e-24
2.30049225916e-24
-7.83770603901e-24
1
0
0
1.97671062039e-24
-2.70913092599e-24
8.35183960051e-24
2
0
0
5.27529443505e-25
-2.36305150923e-24
-8.66820051756e-24
6
0
0
-2.902671622e-24
1.46071250808e-24
-8.39290274012e-24
0
0
0
-6.8152429216e-26
-3.46665467405e-24
-8.30527907902e-24
9
0
0
3.60454211869e-25
-4.16500736421e-24
-7.97011834245e-24
7
0
0
-5.41253441961e-25
-1.37489675548e-24
-8.87787720099e-24
5
0
0
-2.32671441826e-24
4.76031118885e-24
-7.27501459784e-24
8
0
0
2.54199581866e-25
-2.12584938811e-24
8.74163296951e-24
4
0
0
-3.78999303402e-24
2.377088013e-24
-7.80931529344e-24
1
0
0
1.88168044132e-24
-2.73863211815e-24
8.36416001767e-24
2
0
0
5.6489310171e-25
-2.38253930466e-24
-8.6605081956e-24
6
0
0
-2.90542652717e-24
1.56280810827e-24
-8.37353733454e-24
0
0
0
-1.88612142844e-26
-3.49708703346e-24
-8.29276953119e-24
9
0
0
4.07399274274e-25
-4.16189059571e-24
-7.96948508227e-24
7
0
0
-5.39432310559e-25
-1.31954336878e-24
-8.88638385694e-24
5
0
0
-2.26796299054e-24
4.89721500642e-24
-7.20233497222e-24
8
0
0
1.70255028707e-25
-2.14120140191e-24
8.73992390153e-24
4
0
0
-3.80184182314e-24
2.45244098065e-24
-7.78020128012e-24
1
0
0
1.78578625597e-24
-2.76496264288e-24
8.37651174379e-24
2
0
0
6.02526698044e-25
-2.40023536422e-24
-8.65308221007e-24
6
0
0
-2.9082271397e-24
1.66377410035e-24
-8.35308749071e-24
0
0
0
3.08502459294e-26
-3.52561087011e-24
-8.28064708926e-24
9
0
0
4.54318961187e-25
-4.15711938457e-24
-7.96943866782e-24
7
0
0
-5.38418454766e-25
-1.26284655787e-24
-8.89467953958e-24
5
0
0
-2.20814154237e-24
5.03223239932e-24
-7.12746434615e-24
8
0
0
8.67431847586e-26
-2.15414320055e-24
8.73797131577e-24
4
0
0
-3.81418881102e-24
2.52653219057e-24
-7.7503934593e-24
1
0
0
1.68911241865e-24
-2.78809765364e-24
8.38888614018e-24
2
0
0
6.40393528636e-25
-2.41612613419e-24
-8.64593723035e-24
6
0
0
-2.91109573484e-24
1.7635971353e-24
-8.33158128731e-24
0
0
0
8.09417491847e-26
-3.55221594759e-24
-8.26893041791e-24
9
0
0
5.01182334568e-25
-4.15070002916e-24
-7.96997525166e-24
7
0
0
-5.38224031581e-25
-1.20481352823e-24
-8.90273773775e-24
5
0
0
-2.14725594512e-24
5.16532186127e-24
-7.05044267923e-24
8
0
0
3.73282205079e-27
-2.16469757706e-24
8.73579249356e-24
4
0
0
-3.82703912631e-24
2.59934343404e-24
-7.71992132128e-24
1
0
0
1.59174371199e-24
-2.80801496249e-24
8.40127394431e-24
2
0
0
6.78456611365e-25
-2.43019953021e-24
-8.63908715247e-24
6
0
0
-2.91405429593e-24
1.86226495214e-24
-8.30904668346e-24
0
0
0
1.31372925127e-25
-3.57689350979e-24
-8.25763730949e-24
9
0
0
5.47958781168e-25
-4.14263982045e-24
-7.97109004273e-24
7
0
0
-5.38861109962e-25
-1.14545256451e-24
-8.91053124679e-24
5
0
0
-2.08531212524e-24
5.296442981e-24
-6.97131014134e-24
8
0
0
-7.87079707251e-26
-2.17288942806e-24
8.73340464047e-24
4
0
0
-3.8403978135e-24
2.67085725109e-24
-7.68881435247e-24
1
0
0
1.49376529388e-24
-2.82469504291e-24
8.4136652609e-24
2
0
0
7.16678706491e-25
-2.44244493269e-24
-8.63254506736e-24
6
0
0
-2.91712449813e-24
1.95976635336e-24
-8.2855114798e-24
0
0
0
1.82103256483e-25
-3.59963626545e-24
-8.24678465348e-24
9
0
0
5.94618027022e-25
-4.13294703194e-24
-7.97277732104e-24
7
0
0
-5.40341652285e-25
-1.08477305193e-24
-8.91803219877e-24
5
0
0
-2.02231606558e-24
5.42555640821e-24
-6.89010706663e-24
8
0
0
-1.60511834613e-25
-2.17874573255e-24
8.73082487571e-24
4
0
0
-3.85426982473e-24
2.74105691534e-24
-7.65710200222e-24
1
0
0
1.39526264612e-24
-2.83812103273e-24
8.42604955556e-24
2
0
0
7.55022337016e-25
-2.45285318224e-24
-8.62632323147e-24
6
0
0
-2.92032769276e-24
2.05609117876e-24
-8.2610032811e-24
0
0
0
2.33092099453e-25
-3.62043837307e-24
-8.23638840876e-24
9
0
0
6.41130151718e-25
-4.12163091028e-24
-7.97503045426e-24
7
0
0
-5.42677494708e-25
-1.02278549704e-24
-8.92521209484e-24
5
0
0
-1.95827380748e-24
5.5526238176e-24
-6.80687391044e-24
8
0
0
-2.41612186684e-25
-2.18229552989e-24
8.72807022192e-24
4
0
0
-3.86866001155e-24
2.80992641783e-24
-7.62481365071e-24
1
0
0
1.29632152447e-24
-2.84827873734e-24
8.43841565107e-24
2
0
0
7.93449808839e-25
-2.46141657546e-24
-8.62043304012e-24
6
0
0
-2.92368489246e-24
2.15123027813e-24
-8.23554946062e-24
0
0
0
2.84298703385e-25
-3.63929542648e-24
-8.22646357834e-24
9
0
0
6.87465602506e-25
-4.10870166648e-24
-7.97784191622e-24
7
0
0
-5.45880326451e-25
-9.5950154752e-25
-8.93204183957e-24
5
0
0
-1.89319145351e-24
5.67760787123e-24
-6.72165120921e-24
8
0
0
-3.21943266287e-25
-2.18356989708e-24
8.72515759548e-24
4
0
0
-3.88357311656e-24
2.87745044989e-24
-7.59197857758e-24
1
0
0
1.19702790987e-24
-2.85515663321e-24
8.45075172652e-24
2
0
0
8.31923230815e-25
-2.46812886112e-24
-8.61488500322e-24
6
0
0
-2.92721675691e-24
2.24517548247e-24
-8.20917712617e-24
0
0
0
3.35682229851e-25
-3.65620444102e-24
-8.21702418675e-24
9
0
0
7.33595208282e-25
-4.0941704677e-24
-7.98120330724e-24
7
0
0
-5.49961668037e-25
-8.9493401096e-25
-8.93849177739e-24
5
0
0
-1.82707517117e-24
5.80047217934e-24
-6.63447954349e-24
8
0
0
-4.01440181289e-25
-2.18260192514e-24
8.72210379703e-24
4
0
0
-3.89901376508e-24
2.94361438513e-24
-7.55862593176e-24
1
0
0
1.09746796086e-24
-2.85874587192e-24
8.46304531922e-24
2
0
0
8.70404534799e-25
-2.47298523675e-24
-8.60968872376e-24
6
0
0
-2.93094357923e-24
2.33791957416e-24
-8.18191308788e-24
0
0
0
3.87201771208e-25
-3.67116384056e-24
-8.20808326003e-24
9
0
0
7.7949019351e-25
-4.07804942948e-24
-7.98510537622e-24
7
0
0
-5.54932848533e-25
-8.29096872548e-25
-8.94453173089e-24
5
0
0
-1.75993119721e-24
5.92118125978e-24
-6.54539950402e-24
8
0
0
-4.80038954362e-25
-2.17942669455e-24
8.71892550233e-24
4
0
0
-3.91498645663e-24
3.00840426068e-24
-7.52478470209e-24
1
0
0
9.97727966776e-25
-2.85904028476e-24
8.47528332947e-24
2
0
0
9.08855495776e-25
-2.47598234583e-24
-8.60485287881e-24
6
0
0
-2.93488527298e-24
2.42945625601e-24
-8.15378382788e-24
0
0
0
4.38816368785e-25
-3.68417344539e-24
-8.19965280839e-24
9
0
0
8.25122192113e-25
-4.06035160853e-24
-7.98953804449e-24
7
0
0
-5.60804981834e-25
-7.62005311471e-25
-8.95013104113e-24
5
0
0
-1.69176584283e-24
6.03970049636e-24
-6.45445166104e-24
8
0
0
-5.57676569327e-25
-2.17408124982e-24
8.71563925331e-24
4
0
0
-3.93149555639e-24
3.07180675765e-24
-7.49048368911e-24
1
0
0
8.97894301593e-25
-2.85603638791e-24
8.48745202841e-24
2
0
0
9.47237752175e-25
-2.47711827551e-24
-8.60038520327e-24
6
0
0
-2.93906135972e-24
2.51978011937e-24
-8.12481547179e-24
0
0
0
4.90485030783e-25
-3.69523446108e-24
-8.19174381139e-24
9
0
0
8.70463261378e-25
-4.04109099581e-24
-7.99449043131e-24
7
0
0
-5.67588942044e-25
-6.93675715962e-25
-8.9552586099e-24
5
0
0
-1.62258549968e-24
6.15599609613e-24
-6.36167653673e-24
8
0
0
-6.34291017592e-25
-2.16660457287e-24
8.71226144932e-24
4
0
0
-3.94854528656e-24
3.13380918099e-24
-7.45575147785e-24
1
0
0
7.98053378275e-25
-2.84973338829e-24
8.49953706867e-24
2
0
0
9.85512826464e-25
-2.47639255506e-24
-8.59629247621e-24
6
0
0
-2.94349095721e-24
2.60888661129e-24
-8.09503376217e-24
0
0
0
5.42166750033e-25
-3.70434946837e-24
-8.1843662058e-24
9
0
0
9.15485895917e-25
-4.02028250994e-24
-7.99995088095e-24
7
0
0
-5.75295338015e-25
-6.24125696835e-25
-8.95988294374e-24
5
0
0
-1.55239664665e-24
6.270035046e-24
-6.26711458095e-24
8
0
0
-7.09821344685e-25
-2.1570375554e-24
8.70880833843e-24
4
0
0
-3.96613971751e-24
3.19439943874e-24
-7.42061641162e-24
1
0
0
6.98291603287e-25
-2.84013319008e-24
8.51152349819e-24
2
0
0
1.02364214614e-24
-2.47380615484e-24
-8.5925805099e-24
6
0
0
-2.94819276803e-24
2.69677200094e-24
-8.06446403387e-24
0
0
0
5.93820521707e-25
-3.71152241409e-24
-8.17752887596e-24
9
0
0
9.60163041702e-25
-3.99794199083e-24
-8.00590699141e-24
7
0
0
-5.83934487111e-25
-5.53374099405e-25
-8.96397219977e-24
5
0
0
-1.48120585747e-24
6.38178506863e-24
-6.17080615017e-24
8
0
0
-7.84207696886e-25
-2.14542297e-24
8.70529600881e-24
4
0
0
-3.98428275893e-24
3.25356602084e-24
-7.38510656697e-24
1
0
0
5.98695331125e-25
-2.82724040183e-24
8.52339577703e-24
2
0
0
1.0615870652e-24
-2.46936148615e-24
-8.58925414153e-24
6
0
0
-2.95318506877e-24
2.78343334533e-24
-8.03313119135e-24
0
0
0
6.45405361121e-25
-3.71675860325e-24
-8.17123964675e-24
9
0
0
1.00446811021e-24
-3.97408619347e-24
-8.01234564452e-24
7
0
0
-5.93516388257e-25
-4.81441013666e-25
-8.96749423336e-24
5
0
0
-1.40901980913e-24
6.49121457801e-24
-6.07279148968e-24
8
0
0
-8.57391367957e-25
-2.13180543995e-24
8.70174038007e-24
4
0
0
-4.00297815073e-24
3.3112979775e-24
-7.34924972965e-24
1
0
0
4.99350818619e-25
-2.8110623442e-24
8.53513779727e-24
2
0
0
1.09930888619e-24
-2.46306240157e-24
-8.58631722759e-24
6
0
0
-2.95848569972e-24
2.8688684544e-24
-8.00105968803e-24
0
0
0
6.96880321745e-25
-3.72006469216e-24
-8.16550527911e-24
9
0
0
1.04837499273e-24
-3.94873278175e-24
-8.01925303746e-24
7
0
0
-6.04050694363e-25
-4.08347782614e-25
-8.97041664728e-24
5
0
0
-1.33584529109e-24
6.59829263471e-24
-5.97311071908e-24
8
0
0
-9.2931484594e-25
-2.11623140768e-24
8.69815719453e-24
4
0
0
-4.02222945381e-24
3.36758489723e-24
-7.3130733717e-24
1
0
0
4.00344178788e-25
-2.7916090582e-24
8.546732906e-24
2
0
0
1.13676888297e-24
-2.45491419606e-24
-8.58377264091e-24
6
0
0
-2.96411205495e-24
2.95307585561e-24
-7.9682735076e-24
0
0
0
7.48204513527e-25
-3.72144868271e-24
-8.16033146803e-24
9
0
0
1.09185807472e-24
-3.92190032221e-24
-8.02661471569e-24
7
0
0
-6.15546684197e-25
-3.34117008594e-25
-8.97270684262e-24
5
0
0
-1.26168921535e-24
6.70298890118e-24
-5.87180382097e-24
8
0
0
-9.99921860006e-25
-2.09874910173e-24
8.69456200835e-24
4
0
0
-4.04204004069e-24
3.4224168846e-24
-7.27660462961e-24
1
0
0
3.01761334029e-25
-2.76889331391e-24
8.55816393134e-24
2
0
0
1.17392832422e-24
-2.44492360872e-24
-8.58162227037e-24
6
0
0
-2.97008107284e-24
3.03605475814e-24
-7.93479614743e-24
0
0
0
7.99337121672e-25
-3.72091991767e-24
-8.15572284306e-24
9
0
0
1.13489225048e-24
-3.89360827775e-24
-8.03441560707e-24
7
0
0
-6.28013233795e-25
-2.58772557564e-25
-8.97433207106e-24
5
0
0
-1.18655862728e-24
6.80527359707e-24
-5.76891063292e-24
8
0
0
-1.0691574273e-24
-2.0794085022e-24
8.69097018247e-24
4
0
0
-4.0624130859e-24
3.47578453781e-24
-7.23987028362e-24
1
0
0
2.03687968426e-25
-2.74293061941e-24
8.56941321162e-24
2
0
0
1.21074849784e-24
-2.43309882503e-24
-8.57986702326e-24
6
0
0
-2.97640922703e-24
3.11780501673e-24
-7.90065060394e-24
0
0
0
8.50237425957e-25
-3.71848907714e-24
-8.15168297125e-24
9
0
0
1.17745293786e-24
-3.863877001e-24
-8.04264005717e-24
7
0
0
-6.41458787499e-25
-1.82339561166e-25
-8.97525948868e-24
5
0
0
-1.11046071727e-24
6.90511745488e-24
-5.66447084265e-24
8
0
0
-1.13696789978e-24
-2.05826130449e-24
8.68739687328e-24
4
0
0
-4.08335155622e-24
3.5276789262e-24
-7.20289673802e-24
1
0
0
1.06209478977e-25
-2.71373922997e-24
8.58046262749e-24
2
0
0
1.24719073631e-24
-2.41944947975e-24
-8.57850683026e-24
6
0
0
-2.98311251775e-24
3.19832709528e-24
-7.86585936007e-24
0
0
0
9.00864820719e-25
-3.71416817587e-24
-8.14821436252e-24
9
0
0
1.21951609318e-24
-3.83272772749e-24
-8.0512718657e-24
7
0
0
-6.55891328724e-25
-1.04844416506e-25
-8.97545621096e-24
5
0
0
-1.03340283321e-24
7.00249167616e-24
-5.55852398638e-24
8
0
0
-1.20330101087e-24
-2.03536088143e-24
8.68385702305e-24
4
0
0
-4.10485820065e-24
3.57809156761e-24
-7.16571000265e-24
1
0
0
9.41092554562e-27
-2.68134015718e-24
8.59129363717e-24
2
0
0
1.28321644306e-24
-2.40398666011e-24
-8.57754065295e-24
6
0
0
-2.99020646346e-24
3.27762203031e-24
-7.83044437478e-24
0
0
0
9.51178835602e-25
-3.70797056163e-24
-8.14531847744e-24
9
0
0
1.26105822636e-24
-3.80018256826e-24
-8.06029432396e-24
7
0
0
-6.71318350548e-25
-2.63147835448e-26
-8.97488936905e-24
5
0
0
-9.55392493735e-25
7.09736788822e-24
-5.45110945037e-24
8
0
0
-1.26810592207e-24
-2.0107622435e-24
8.68036534993e-24
4
0
0
-4.12693554019e-24
3.62701440589e-24
-7.12833567543e-24
1
0
0
-8.66230206521e-26
-2.64575717796e-24
8.60188731456e-24
2
0
0
1.31878712e-24
-2.38672290954e-24
-8.57696649407e-24
6
0
0
-2.99770609291e-24
3.35569139437e-24
-7.79442707454e-24
0
0
0
1.00113915716e-24
-3.6999109143e-24
-8.14299573725e-24
9
0
0
1.30205641615e-24
-3.76626450209e-24
-8.06969025315e-24
7
0
0
-6.87746826233e-25
5.32204199954e-26
-8.97352616718e-24
5
0
0
-8.76437402234e-25
7.1897181017e-24
-5.34226647555e-24
8
0
0
-1.3313332692e-24
-1.98452199726e-24
8.67693633762e-24
4
0
0
-4.14958585738e-24
3.67443978841e-24
-7.09079892592e-24
1
0
0
-1.81808130194e-25
-2.60701684305e-24
8.61222439033e-24
2
0
0
1.35386439615e-24
-2.3676722315e-24
-8.5767814101e-24
6
0
0
-3.00562593739e-24
3.43253725947e-24
-7.75782834694e-24
0
0
0
1.05070565143e-24
-3.69000524581e-24
-8.14124553636e-24
9
0
0
1.34248832553e-24
-3.73099736704e-24
-8.07944204364e-24
7
0
0
-7.05183179785e-25
1.33731026281e-25
-8.97133394092e-24
5
0
0
-7.96545461705e-25
7.2795146692e-24
-5.23203416523e-24
8
0
0
-1.3929352084e-24
-1.95669830178e-24
8.67358422452e-24
4
0
0
-4.17281118555e-24
3.72036044379e-24
-7.05312448008e-24
1
0
0
-2.76060670383e-25
-2.56514848501e-24
8.62228529582e-24
2
0
0
1.38841005756e-24
-2.34685009358e-24
-8.57698152652e-24
6
0
0
-3.01398002343e-24
3.50816216062e-24
-7.72066853626e-24
0
0
0
1.0998383875e-24
-3.67827090069e-24
-8.1400662569e-24
9
0
0
1.38233221728e-24
-3.69440585132e-24
-8.08953169482e-24
7
0
0
-7.23633256666e-25
2.15185627658e-25
-8.96828021643e-24
5
0
0
-7.15724790313e-25
7.36673024489e-24
-5.12045149585e-24
8
0
0
-1.45286546161e-24
-1.92735082311e-24
8.67032299251e-24
4
0
0
-4.19661329787e-24
3.76476945989e-24
-7.01533660594e-24
1
0
0
-3.692974621e-25
-2.52018422524e-24
8.63205020969e-24
2
0
0
1.42238607852e-24
-2.32427343152e-24
-8.57756205548e-24
6
0
0
-3.02278186565e-24
3.58256905955e-24
-7.68296744102e-24
0
0
0
1.14849766221e-24
-3.66472655712e-24
-8.13945528561e-24
9
0
0
1.42156696959e-24
-3.65651548336e-24
-8.09994085576e-24
7
0
0
-7.4310229476e-25
2.97551589645e-25
-8.9643327703e-24
5
0
0
-6.33983737729e-25
7.45133774557e-24
-5.00755733064e-24
8
0
0
-1.51107936159e-24
-1.89654068664e-24
8.66716635508e-24
4
0
0
-4.22099369606e-24
3.80766026207e-24
-6.97745910045e-24
1
0
0
-4.61435938707e-25
-2.47215897996e-24
8.64149910724e-24
2
0
0
1.455754654e-24
-2.29996065322e-24
-8.57851731584e-24
6
0
0
-3.03204445994e-24
3.65576130875e-24
-7.64474431356e-24
0
0
0
1.19664402602e-24
-3.6493922284e-24
-8.13940903285e-24
9
0
0
1.46017209177e-24
-3.61735262104e-24
-8.11065086627e-24
7
0
0
-7.63594895726e-25
3.80795066686e-25
-8.95945969013e-24
5
0
0
-5.51330902196e-25
7.53331031307e-24
-4.89339043622e-24
8
0
0
-1.56753389627e-24
-1.86433042739e-24
8.66412774501e-24
4
0
0
-4.24595359882e-24
3.84902659186e-24
-6.93951527724e-24
1
0
0
-5.52394207088e-25
-2.42111046468e-24
8.65061181229e-24
2
0
0
1.48847823355e-24
-2.27393164238e-24
-8.57984075562e-24
6
0
0
-3.04178027689e-24
3.72774261584e-24
-7.60601786156e-24
0
0
0
1.24423831006e-24
-3.63228926463e-24
-8.13992295372e-24
9
0
0
1.49812774012e-24
-3.57694443992e-24
-8.12164279849e-24
7
0
0
-7.85114996835e-25
4.64881020718e-25
-8.95362943537e-24
5
0
0
-4.67775148322e-25
7.61262127832e-24
-4.77798950204e-24
8
0
0
-1.62218775231e-24
-1.83078393805e-24
8.66122030138e-24
4
0
0
-4.27149393008e-24
3.88886248603e-24
-6.9015279555e-24
1
0
0
-6.42091110914e-25
-2.36707919704e-24
8.65936805145e-24
2
0
0
1.52051955648e-24
-2.24620776184e-24
-8.5815249768e-24
6
0
0
-3.05200125545e-24
3.79851700844e-24
-7.56680625141e-24
0
0
0
1.29124165451e-24
-3.61344035454e-24
-8.14099157115e-24
9
0
0
1.5354147336e-24
-3.53531892044e-24
-8.13289749881e-24
7
0
0
-8.0766584343e-25
5.4977324258e-25
-8.94681089861e-24
5
0
0
-3.83325625572e-25
7.68924412718e-24
-4.66139316251e-24
8
0
0
-1.67500135778e-24
-1.79596641497e-24
8.65845685608e-24
4
0
0
-4.29761530678e-24
3.92716225623e-24
-6.86351944981e-24
1
0
0
-7.30446296177e-25
-2.31010849764e-24
8.66774751068e-24
2
0
0
1.55184168838e-24
-2.21681185624e-24
-8.58356176231e-24
6
0
0
-3.0627187968e-24
3.86808879945e-24
-7.5271271136e-24
0
0
0
1.3376155382e-24
-3.59286952717e-24
-8.14260850105e-24
9
0
0
1.57201456972e-24
-3.49250483407e-24
-8.14439562996e-24
7
0
0
-8.31249962103e-25
6.35434376301e-25
-8.93897346698e-24
5
0
0
-2.97991787447e-25
7.76315246818e-24
-4.5436400219e-24
8
0
0
-1.72593692387e-24
-1.75994430179e-24
8.6558499196e-24
4
0
0
-4.32431802648e-24
3.96392046918e-24
-6.82551156097e-24
1
0
0
-8.17380279038e-25
-2.25024448852e-24
8.675729894e-24
2
0
0
1.58240805912e-24
-2.18576825402e-24
-8.58594210521e-24
6
0
0
-3.07394375848e-24
3.93646255311e-24
-7.48699754979e-24
0
0
0
1.38332180956e-24
-3.5706021534e-24
-8.14476647934e-24
9
0
0
1.60790944021e-24
-3.44853172823e-24
-8.15611771331e-24
7
0
0
-8.55869134725e-25
7.21825946276e-25
-8.93008708344e-24
5
0
0
-2.11783411309e-25
7.83432000228e-24
-4.42476868174e-24
8
0
0
-1.77495848535e-24
-1.72278523093e-24
8.6534116662e-24
4
0
0
-4.35160205465e-24
3.99913192748e-24
-6.78752556776e-24
1
0
0
-9.0281451598e-25
-2.18753608914e-24
8.68329498416e-24
2
0
0
1.61218250203e-24
-2.15310276844e-24
-8.58865624003e-24
6
0
0
-3.0856864487e-24
4.00364305158e-24
-7.44643414183e-24
0
0
0
1.42832271886e-24
-3.54666494702e-24
-8.14745739081e-24
9
0
0
1.6430822466e-24
-3.40342991e-24
-8.16804417114e-24
7
0
0
-8.81524373438e-25
8.08908387346e-25
-8.92012230809e-24
5
0
0
-1.24710618861e-25
7.90272049491e-24
-4.30481777074e-24
8
0
0
-1.82203193981e-24
-1.68455796278e-24
8.65115391852e-24
4
0
0
-4.37946701156e-24
4.03279165116e-24
-6.74958221971e-24
1
0
0
-9.86671476253e-25
-2.12203500929e-24
8.69042270502e-24
2
0
0
1.64112929448e-24
-2.11884269756e-24
-8.59169367607e-24
6
0
0
-3.0979566209e-24
4.06963526235e-24
-7.40545296246e-24
0
0
0
1.47258095177e-24
-3.52108596519e-24
-8.15067229976e-24
9
0
0
1.67751661576e-24
-3.35723042857e-24
-8.1801553688e-24
7
0
0
-9.08215896728e-25
8.96641077756e-25
-8.90905037896e-24
5
0
0
-3.67838972176e-26
7.96832775028e-24
-4.18382597719e-24
8
0
0
-1.86712508544e-24
-1.64533232274e-24
8.6490881314e-24
4
0
0
-4.40791215902e-24
4.06489485997e-24
-6.71170173076e-24
1
0
0
-1.06887471657e-24
-2.05379573888e-24
8.6970931856e-24
2
0
0
1.66921319963e-24
-2.08301682294e-24
-8.5950432327e-24
6
0
0
-3.11076346843e-24
4.13444430654e-24
-7.36406958769e-24
0
0
0
1.51605966425e-24
-3.49389460823e-24
-8.15440148227e-24
9
0
0
1.71119691508e-24
-3.3099650563e-24
-8.19243165668e-24
7
0
0
-9.35943106679e-25
9.84982375003e-25
-8.89684327249e-24
5
0
0
5.19858794394e-26
8.03111558824e-24
-4.06183208358e-24
8
0
0
-1.91020765721e-24
-1.60517913597e-24
8.6472253752e-24
4
0
0
-4.43693638667e-24
4.09543695652e-24
-6.67390377381e-24
1
0
0
-1.14934895796e-24
-1.98287553412e-24
8.70328682545e-24
2
0
0
1.69639950949e-24
-2.04565540684e-24
-8.59869307651e-24
6
0
0
-3.12411561957e-24
4.19807542801e-24
-7.32229911087e-24
0
0
0
1.55872251855e-24
-3.46512161834e-24
-8.15863446015e-24
9
0
0
1.74410826752e-24
-3.2616662685e-24
-8.2048534119e-24
7
0
0
-9.64704567543e-25
1.07388965451e-24
-8.8834737632e-24
5
0
0
1.41587427654e-25
8.09105782369e-24
-3.93887500343e-24
8
0
0
-1.95125136141e-24
-1.56417015997e-24
8.64557631839e-24
4
0
0
-4.46653819809e-24
4.12441351028e-24
-6.63620747618e-24
1
0
0
-1.22802016471e-24
-1.90933439992e-24
8.70898436114e-24
2
0
0
1.72265408892e-24
-2.00679018785e-24
-8.60263076019e-24
6
0
0
-3.13802113263e-24
4.26053396351e-24
-7.28015615834e-24
0
0
0
1.6005337206e-24
-3.43479907724e-24
-8.16336003637e-24
9
0
0
1.77623656627e-24
-3.21236722174e-24
-8.21740107949e-24
7
0
0
-9.94497985704e-25
1.16331935111e-24
-8.86891548268e-24
5
0
0
2.32009031983e-25
8.14812824882e-24
-3.81499382025e-24
8
0
0
-1.99022990821e-24
-1.52237801508e-24
8.64415120954e-24
4
0
0
-4.49671569654e-24
4.15182024254e-24
-6.59863141592e-24
1
0
0
-1.30481562526e-24
-1.83323506806e-24
8.71416693372e-24
2
0
0
1.7479434208e-24
-1.96645437473e-24
-8.60684326307e-24
6
0
0
-3.15248749129e-24
4.32182531386e-24
-7.23765490657e-24
0
0
0
1.64145805841e-24
-3.40296040254e-24
-8.16856633184e-24
9
0
0
1.80756848912e-24
-3.16210173078e-24
-8.23005521308e-24
7
0
0
-1.02532019117e-24
1.25322700329e-24
-8.85314297749e-24
5
0
0
3.23238521801e-25
8.20230061819e-24
-3.69022782842e-24
8
0
0
-2.02711904229e-24
-1.47987611283e-24
8.6429598588e-24
4
0
0
-4.52746657051e-24
4.17765301239e-24
-6.56119361895e-24
1
0
0
-1.37966403483e-24
-1.75464297103e-24
8.71881615679e-24
2
0
0
1.77223465207e-24
-1.92468263817e-24
-8.61131703322e-24
6
0
0
-3.1675216002e-24
4.3819549163e-24
-7.19480910078e-24
0
0
0
1.68146094159e-24
-3.36964034248e-24
-8.17424082358e-24
9
0
0
1.83809151236e-24
-3.11090424405e-24
-8.24279651494e-24
7
0
0
-1.05716712064e-24
1.34356730008e-24
-8.83613176601e-24
5
0
0
4.1526324767e-25
8.25354863681e-24
-3.564616576e-24
8
0
0
-2.06189657135e-24
-1.43673858228e-24
8.64201161865e-24
4
0
0
-4.5587880789e-24
4.20190780375e-24
-6.52391155706e-24
1
0
0
-1.45249557975e-24
-1.67362621111e-24
8.72291418496e-24
2
0
0
1.79549564052e-24
-1.88151110055e-24
-8.61603803094e-24
6
0
0
-3.18312978068e-24
4.44092821795e-24
-7.15163207493e-24
0
0
0
1.72050844181e-24
-3.33487496914e-24
-8.18037038408e-24
9
0
0
1.86779392422e-24
-3.0588098177e-24
-8.25560587522e-24
7
0
0
-1.09003380234e-24
1.43429413058e-24
-8.8178583939e-24
5
0
0
5.08070057315e-25
8.3018459514e-24
-3.43819990912e-24
8
0
0
-2.09454239223e-24
-1.3930401944e-24
8.64131536431e-24
4
0
0
-4.59067703605e-24
4.22458071348e-24
-6.48680214661e-24
1
0
0
-1.52324202308e-24
-1.5902555246e-24
8.72644378248e-24
2
0
0
1.81769500235e-24
-1.83697732329e-24
-8.6209917736e-24
6
0
0
-3.19931776678e-24
4.49875065061e-24
-7.10813677301e-24
0
0
0
1.75856733423e-24
-3.29870166972e-24
-8.18694132172e-24
9
0
0
1.89666483783e-24
-3.0058540882e-24
-8.26846441038e-24
7
0
0
-1.12391434257e-24
1.52536063598e-24
-8.79830048815e-24
5
0
0
6.0164527125e-25
8.34716614488e-24
-3.31101801815e-24
8
0
0
-2.12503851477e-24
-1.34885628463e-24
8.64087947349e-24
4
0
0
-4.62312979652e-24
4.24566794075e-24
-6.44988174807e-24
1
0
0
-1.59183679155e-24
-1.5046042408e-24
8.72938839164e-24
2
0
0
1.83880216019e-24
-1.79112029177e-24
-8.62616338157e-24
6
0
0
-3.21609070141e-24
4.55542760679e-24
-7.06433577152e-24
0
0
0
1.79560513958e-24
-3.26115913582e-24
-8.19393942222e-24
9
0
0
1.92469420348e-24
-2.95207324354e-24
-8.28135350056e-24
7
0
0
-1.1588019142e-24
1.61671926405e-24
-8.77743680951e-24
5
0
0
6.95974658097e-25
8.38948273422e-24
-3.18311148514e-24
8
0
0
-2.15336908299e-24
-1.30426267363e-24
8.64071180584e-24
4
0
0
-4.65614223959e-24
4.26516577757e-24
-6.41316616631e-24
1
0
0
-1.65821506325e-24
-1.41674823566e-24
8.73173220079e-24
2
0
0
1.85878739159e-24
-1.7439803977e-24
-8.63153762523e-24
6
0
0
-3.23345313277e-24
4.61096441719e-24
-7.02024130317e-24
0
0
0
1.83159016697e-24
-3.22228735062e-24
-8.20134999088e-24
9
0
0
1.95187282041e-24
-2.89750399302e-24
-8.29425482595e-24
7
0
0
-1.19468874704e-24
1.70832182582e-24
-8.75524730309e-24
5
0
0
7.91043409662e-25
8.42876917181e-24
-3.05452133267e-24
8
0
0
-2.1795203937e-24
-1.25933558637e-24
8.6408196819e-24
4
0
0
-4.68970975373e-24
4.28307060056e-24
-6.37667065152e-24
1
0
0
-1.7223138561e-24
-1.32676587991e-24
8.73346021161e-24
2
0
0
1.87762187761e-24
-1.69559941869e-24
-8.63709897289e-24
6
0
0
-3.25140901108e-24
4.66536632962e-24
-6.97586528156e-24
0
0
0
1.86649155719e-24
-3.18212757363e-24
-8.20915789566e-24
9
0
0
1.97819234775e-24
-2.84218353562e-24
-8.30715040194e-24
7
0
0
-1.23156612028e-24
1.80011955455e-24
-8.73171314707e-24
5
0
0
8.8683611581e-25
8.46499885043e-24
-2.92528907383e-24
8
0
0
-2.20348091234e-24
-1.21415156973e-24
8.64120986176e-24
4
0
0
-4.72382722078e-24
4.29937886419e-24
-6.3404099009e-24
1
0
0
-1.78407211657e-24
-1.23473798147e-24
8.73455830526e-24
2
0
0
1.89527775161e-24
-1.64602049506e-24
-8.64283163938e-24
6
0
0
-3.26996168537e-24
4.71863848934e-24
-6.93121932684e-24
0
0
0
1.90027932632e-24
-3.14072232317e-24
-8.21734761074e-24
9
0
0
2.00364531486e-24
-2.78614952714e-24
-8.32002261301e-24
7
0
0
-1.26942435702e-24
1.89206316672e-24
-8.70681679938e-24
5
0
0
9.83336739206e-25
8.49814511186e-24
-2.79545676317e-24
8
0
0
-2.22524128591e-24
-1.16878740865e-24
8.64188852351e-24
4
0
0
-4.75848900008e-24
4.31408709526e-24
-6.30439806097e-24
1
0
0
-1.84343080851e-24
-1.14074772201e-24
8.73501330726e-24
2
0
0
1.9117281478e-24
-1.59528810362e-24
-8.64871963524e-24
6
0
0
-3.28911390072e-24
4.77078592102e-24
-6.88631479223e-24
0
0
0
1.93292440965e-24
-3.09811535611e-24
-8.22590326062e-24
9
0
0
2.02822513076e-24
-2.72944004591e-24
-8.33285424522e-24
7
0
0
-1.30825282084e-24
1.9841029249e-24
-8.68054204207e-24
5
0
0
1.08052858997e-24
8.52818125938e-24
-2.66506704856e-24
8
0
0
-2.24479435291e-24
-1.12332004102e-24
8.6428612414e-24
4
0
0
-4.79368891253e-24
4.32719188886e-24
-6.26864873055e-24
1
0
0
-1.90033300158e-24
-1.04488058765e-24
8.73481305071e-24
2
0
0
1.92694724951e-24
-1.5434480285e-24
-8.65474681638e-24
6
0
0
-3.30886779563e-24
4.82181351226e-24
-6.84116279136e-24
0
0
0
1.96439870553e-24
-3.05435164512e-24
-8.23480866451e-24
9
0
0
2.05192609278e-24
-2.67209355737e-24
-8.34562851729e-24
7
0
0
-1.34803991467e-24
2.07618870238e-24
-8.65287402344e-24
5
0
0
1.17839430035e-24
8.55508057409e-24
-2.53416322357e-24
8
0
0
-2.26213515035e-24
-1.0778264714e-24
8.64413296393e-24
4
0
0
-4.82942022457e-24
4.33868990578e-24
-6.23317496431e-24
1
0
0
-1.95472395909e-24
-9.47224293668e-25
8.73394643746e-24
2
0
0
1.94091033696e-24
-1.4905473288e-24
-8.66089693393e-24
6
0
0
-3.32922489971e-24
4.87172599881e-24
-6.79577422623e-24
0
0
0
1.99467511918e-24
-3.00947735299e-24
-8.24404738095e-24
9
0
0
2.07474339436e-24
-2.61414887739e-24
-8.35832911014e-24
7
0
0
-1.38877308176e-24
2.16827004947e-24
-8.62379929763e-24
5
0
0
1.2769157994e-24
8.5788163353e-24
-2.40278928051e-24
8
0
0
-2.27726091747e-24
-1.03238368389e-24
8.64570799192e-24
4
0
0
-4.8656756322e-24
4.34857787151e-24
-6.19798927692e-24
1
0
0
-2.00655122481e-24
-8.47868703267e-25
8.73240349712e-24
2
0
0
1.95359383432e-24
-1.43663430315e-24
-8.66715368424e-24
6
0
0
-3.35018613164e-24
4.92052795136e-24
-6.75015981571e-24
0
0
0
2.02372760618e-24
-2.96353980426e-24
-8.25360275239e-24
9
0
0
2.09667313186e-24
-2.55564513456e-24
-8.37094019476e-24
7
0
0
-1.43043880894e-24
2.26029626115e-24
-8.59330586169e-24
5
0
0
1.37607428783e-24
8.59936184492e-24
-2.27098996361e-24
8
0
0
-2.29017109637e-24
-9.87068554006e-25
8.64758995657e-24
4
0
0
-4.90244724508e-24
4.35685257669e-24
-6.16310364776e-24
1
0
0
-2.05576470837e-24
-7.46905740327e-25
8.73017544338e-24
2
0
0
1.96497535585e-24
-1.38175845105e-24
-8.67350075872e-24
6
0
0
-3.37175179739e-24
4.96822376423e-24
-6.70433012463e-24
0
0
0
2.05153121539e-24
-2.91658745386e-24
-8.26345794974e-24
9
0
0
2.11771231045e-24
-2.49662173135e-24
-8.38344645844e-24
7
0
0
-1.47302263214e-24
2.35221644602e-24
-8.56138318988e-24
5
0
0
1.47585021305e-24
8.61669045602e-24
-2.13881082245e-24
8
0
0
-2.30086732939e-24
-9.419577601e-25
8.64978179771e-24
4
0
0
-4.93972657062e-24
4.3635108792e-24
-6.12852952616e-24
1
0
0
-2.10231676894e-24
-6.44429296284e-25
8.72725472754e-24
2
0
0
1.97503375089e-24
-1.32597043097e-24
-8.67992189352e-24
6
0
0
-3.39392158882e-24
5.01481764568e-24
-6.65829559306e-24
0
0
0
2.07806213138e-24
-2.86866985288e-24
-8.27359601656e-24
9
0
0
2.13785884899e-24
-2.43711830436e-24
-8.39583312923e-24
7
0
0
-1.51650914414e-24
2.44397959637e-24
-8.52802226527e-24
5
0
0
1.57622324454e-24
8.63077560565e-24
-2.00629826519e-24
8
0
0
-2.30935345314e-24
-8.97127694158e-25
8.65228574225e-24
4
0
0
-4.97750449841e-24
4.36854970791e-24
-6.09427783711e-24
1
0
0
-2.1461622967e-24
-5.40535131202e-25
8.72363508884e-24
2
0
0
1.98374914761e-24
-1.26932201533e-24
-8.6864009187e-24
6
0
0
-3.41669458249e-24
5.06031361009e-24
-6.61206656597e-24
0
0
0
2.10329771578e-24
-2.81983761131e-24
-8.28399991294e-24
9
0
0
2.15711158388e-24
-2.37717468369e-24
-8.40808599862e-24
7
0
0
-1.56088200465e-24
2.53553465908e-24
-8.49321560834e-24
5
0
0
1.67717224945e-24
8.64159085191e-24
-1.87349961157e-24
8
0
0
-2.31563548925e-24
-8.5265437239e-25
8.65510328293e-24
4
0
0
-5.01577128469e-24
4.37196606806e-24
-6.06035898748e-24
1
0
0
-2.18725879185e-24
-4.3532076915e-25
8.71931160134e-24
2
0
0
1.99110299512e-24
-1.21186604224e-24
-8.69292180679e-24
6
0
0
-3.44006923885e-24
5.10471547199e-24
-6.56565332298e-24
0
0
0
2.1272165478e-24
-2.77014235793e-24
-8.2946525587e-24
9
0
0
2.17547027186e-24
-2.31683085153e-24
-8.42019144227e-24
7
0
0
-1.60612395253e-24
2.62683060732e-24
-8.45695730272e-24
5
0
0
1.77867526888e-24
8.64910991538e-24
-1.74046314542e-24
8
0
0
-2.31972163185e-24
-8.08613345664e-25
8.65823515754e-24
4
0
0
-5.05451653726e-24
4.37375704834e-24
-6.02678287265e-24
1
0
0
-2.22556644065e-24
-3.28885388093e-25
8.7142807171e-24
2
0
0
1.9970781039e-24
-1.1536563641e-24
-8.69946872067e-24
6
0
0
-3.46404340176e-24
5.14802684188e-24
-6.51906610811e-24
0
0
0
2.14979846332e-24
-2.7196366971e-24
-8.30553687596e-24
9
0
0
2.19293559173e-24
-2.25612690002e-24
-8.43213643895e-24
7
0
0
-1.6522168204e-24
2.71781651275e-24
-8.4192430178e-24
5
0
0
1.8807094945e-24
8.65330672488e-24
-1.60723816641e-24
8
0
0
-2.32162223158e-24
-7.65079610032e-25
8.66168132863e-24
4
0
0
-5.09372920065e-24
4.37391982971e-24
-5.99355888357e-24
1
0
0
-2.26104818819e-24
-2.21329704484e-25
8.70854030535e-24
2
0
0
2.00165868435e-24
-1.09474779321e-24
-8.70602606031e-24
6
0
0
-3.4886142983e-24
5.19025112401e-24
-6.47231515948e-24
0
0
0
2.17102459274e-24
-2.66837416279e-24
-8.31663583073e-24
9
0
0
2.20950914493e-24
-2.19510298857e-24
-8.44390858739e-24
7
0
0
-1.69914155134e-24
2.80844161801e-24
-8.38007002828e-24
5
0
0
1.98325124593e-24
8.6541554678e-24
-1.47387504085e-24
8
0
0
-2.32134977637e-24
-7.22127517493e-25
8.66544096386e-24
4
0
0
-5.13339754178e-24
4.37245169591e-24
-5.96069591422e-24
1
0
0
-2.29366980756e-24
-1.12755852816e-25
8.70208968751e-24
2
0
0
2.00483038305e-24
-1.03519604433e-24
-8.71257850857e-24
6
0
0
-3.51377853899e-24
5.23139151595e-24
-6.42541073881e-24
0
0
0
2.1908773971e-24
-2.61640916961e-24
-8.3279324736e-24
9
0
0
2.22519345507e-24
-2.13379930066e-24
-8.45549612127e-24
7
0
0
-1.74687821779e-24
2.89865540943e-24
-8.33943723057e-24
5
0
0
2.08627594887e-24
8.65163064469e-24
-1.34042525139e-24
8
0
0
-2.3189188689e-24
-6.79830687205e-25
8.66951241705e-24
4
0
0
-5.17350913608e-24
4.36935004583e-24
-5.92820236939e-24
1
0
0
-2.32339996489e-24
-3.26726042079e-27
8.69492966772e-24
2
0
0
2.00658031692e-24
-9.75057674383e-25
-8.71911107551e-24
6
0
0
-3.5395321183e-24
5.2714510102e-24
-6.37836316054e-24
0
0
0
2.20934070246e-24
-2.56379696117e-24
-8.33940997913e-24
9
0
0
2.23999196628e-24
-2.07225600024e-24
-8.46688792212e-24
7
0
0
-1.79540604266e-24
2.9884076897e-24
-8.29734515589e-24
5
0
0
2.189758114e-24
8.6457071285e-24
-1.20694144519e-24
8
0
0
-2.31434620074e-24
-6.38261917324e-25
8.67389321011e-24
4
0
0
-5.21405085423e-24
4.36461240757e-24
-5.89608617283e-24
1
0
0
-2.35021028015e-24
1.07031482169e-25
8.68706255876e-24
2
0
0
2.00689710464e-24
-9.14390019463e-25
-8.72560914138e-24
6
0
0
-3.56587041559e-24
5.31043239755e-24
-6.33118282059e-24
0
0
0
2.22639973237e-24
-2.51059355567e-24
-8.35105168397e-24
9
0
0
2.25390904041e-24
-2.01051318788e-24
-8.47807353027e-24
7
0
0
-1.84470342237e-24
3.07764865017e-24
-8.25379598029e-24
5
0
0
2.29367131692e-24
8.63636022817e-24
-1.07347748055e-24
8
0
0
-2.30765052332e-24
-5.97493097651e-25
8.67858001588e-24
4
0
0
-5.25500884957e-24
4.35823645436e-24
-5.86435477567e-24
1
0
0
-2.3740753832e-24
2.18034754932e-25
8.67849220313e-24
2
0
0
2.00577089566e-24
-8.53251129168e-25
-8.73205849784e-24
6
0
0
-3.59278819639e-24
5.34833827252e-24
-6.28388022455e-24
0
0
0
2.24204113819e-24
-2.45685568889e-24
-8.36284112355e-24
9
0
0
2.26694995315e-24
-1.94861085674e-24
-8.48904315369e-24
7
0
0
-1.89474795208e-24
3.16632894292e-24
-8.20879353125e-24
5
0
0
2.39798817914e-24
8.62356575673e-24
-9.40088471513e-25
8
0
0
-2.29885261569e-24
-5.5759512328e-25
8.68356864202e-24
4
0
0
-5.2963685463e-24
4.35022002218e-24
-5.8330151651e-24
1
0
0
-2.39497296486e-24
3.29636045764e-25
8.66922398918e-24
2
0
0
2.00319339614e-24
-7.91699698561e-25
-8.73844538752e-24
*