4.999999999479166      0.025000208332812496
4.999999991666667      0.05000166664999993
4.999999957812499      0.07500562487343612
4.999999866666666      0.10001333279998985
4.9999996744791675      0.12502604003901407
4.999999325000001      0.15004499594982645
4.999998749479171      0.1750714495791769
4.999997866666679      0.20010664959869973
4.999996582812534      0.22515184424234702
4.999994791666745      0.2502082812438
4.999992374479333      0.27527720777385567
4.999989200000333      0.300359870377785
4.999985124479799      0.3254575149126604
4.999979991667811      0.3505713864846483
4.999973632814487      0.3757027293862645
4.999965866669996      0.400852787033589
4.999956499484574      0.4260228019034374
4.999945325008541      0.45121401547048473
4.99993212449233      0.4764276681443406
4.999916666686508      0.5016649992065697
4.9998987078418144      0.5269272467476582
4.999877991709198      0.5522156476039193
4.999854249539862      0.5775314372943366
4.9998272000853135      0.6028758499573438
4.999796549597429      0.6282501182875337
4.999761991828518      0.6536554734722977
4.999723208031397      0.679093145128388
4.999679866959482      0.7045643612384057
4.999631624866883      0.7300703480872038
4.99957812550851      0.7556123301982111
4.999519000140199      0.7811915302696646
4.9994538675188425      0.806809169110756
4.9993823339025365      0.8324664655776809
4.999303993050745      0.8581646365095964
4.999218426224481      0.8839048966644762
4.9991252021865      0.9096884586548647
4.999023877201512      0.9355165328835261
4.99891399503642      0.9613903274789849
4.9987950869605715      0.9873110482309554
4.998666671746029      1.0132798985256557
4.998528255667876      1.0392980792810076
4.9983793325045305      1.0653667888817115
4.998219383538094      1.0914872231142023
4.998047877554729      1.1176605751014759
4.997864270845044      1.1438880352377876
4.997668007204546      1.1701707911232202
4.997458517934077      1.1965100274981118
4.997235221840317      1.2229069261773509
4.9969975252363055      1.2493626659845263
4.996744821942002      1.2758784226859363
4.996476493284876      1.3024553689244456
4.996191908100545      1.329094674153199
4.995890422733434      1.3557975045691755
4.995571381037506      1.382565023046593
4.995234114376997      1.409398389070146
4.994877941627225      1.4362987586680906
4.9945021691754325      1.4632672843451593
4.994106090921671      1.4903051150153082
4.993688988279748      1.5174133959342968
4.993250130178217      1.5445932686320933
4.9927887730614104      1.571845870845101
4.992304160890552      1.5991723364482113
4.9917955251449015      1.6265737953866688
4.991262084822966      1.654051373607757
4.990703046443775      1.681606192992292
4.990117604048215      1.709239371285931
4.989504939200424      1.7369520220302817
4.988864220989259      1.764745254493821
4.988194606029827      1.7926201736026117
4.987495238465082      1.8205778798708196
4.986765249967508      1.8486194693310252
4.986003759740863      1.87674603346433
4.985209874522006      1.9049586591302519
4.984382688582795      1.9332584284964054
4.983521283732085      1.9616464189679756
4.98262472931778      1.9901237031169614
4.981692082229004      2.0186913486112106
4.980722386898328      2.047350418143224
4.97971467530411      2.0761019693587346
4.978667966972918      2.1049470547850615
4.977581268982052      2.133886721759231
4.976453575962155      2.1629220123558603
4.975283870099934      2.1920539633148115
4.974071121140981      2.2212836059686003
4.9728142863927      2.250611966169569
4.971512310727327      2.280040064216806
4.97016412658509      2.309568914782832
4.968768653977448      2.3391995268400234
4.967324800490474      2.3689329035867925
4.965831461288339      2.3987700423735094
4.964287519116921      2.4287119346281703
4.96269184430754      2.4587595657818
4.961043294780822      2.4889139151936024
4.959340716050685      2.5191759560758364
4.9575829412284556      2.549546655418431
4.955768791027136      2.5800269739133297
4.953897073765799      2.610617865878566
4.951966585374111      2.641320279182058
4.949976109397024      2.6721351551651322
4.9479244169996      2.7030634285657693
4.945810266971982      2.7341060274415625
4.943632405734534      2.765263873092402
4.941389567343116      2.796537879982862
4.939080473494534      2.82792895566431
4.936703833532151      2.8594380006967195
4.934258344451658      2.8910659085701944
4.931742690907006      2.9228135656261895
4.929155545216539      2.9546818509784494
4.9264955673692725      2.986671636433633
4.923761405031359      3.0187837864116442
4.920951693552747      3.0510191578656567
4.918065055974012      3.0833786002018315
4.915100103033381      3.115862955198733
4.912055433173952      3.148473056926426
4.908929632551108      3.1812097316652648
4.905721275040123      3.2140737978243688
4.902428922243985      3.2470660658597796
4.89905112350141      3.2801873381923023
4.895586415895082      3.3134384091250215
4.8920333242600895      3.3468200647604998
4.888390361192595      3.3803330829176503
4.884656027058712      3.4139782330482795
4.880828810003618      3.4477562761533065
4.8769071859608895      3.4816679646986524
4.872889618662067      3.5157140425307865
4.86877455964647      3.549895244791957
4.864560448271226      3.584212297835069
4.860245711721573      3.6186659191382327
4.855828765021389      3.6532568172189697
4.8513080110439795      3.6879856915480818
4.84668184052312      3.72285323246317
4.841948632064363      3.7578601210818117
4.8371067521566005      3.7930070292143983
4.832154555183893      3.8282946192766056
4.827090383437588      3.8637235442015387
4.821912567128686      3.8992944473515045
4.816619424400517      3.935007962429444
4.811209261341668      3.970864713389999
4.805680371999234      4.006865314350235
4.800031038392333      4.043010369499996
4.794259530525935      4.079300473011902
4.788364106404973      4.115736208950981
4.782343012048802      4.152318151183961
4.776194481505899      4.189046863288156
4.769916736868949      4.225922898460031
4.763507988290202      4.262946799423373
4.75696643399717      4.300119098337095
4.750290260308647      4.337440316702685
4.743477641651074      4.374910965271269
4.736526740575216      4.412531543950313
4.7294357077732085      4.450302541709939
4.722202682095922      4.488224436488882
4.7148257905707025      4.5262976951000535
4.707303148419444      4.564522773135742
4.699632859077042      4.602900114872433
4.691813014210191      4.641430153175235
4.683841693736569      4.680113309401946
4.675716965844381      4.718949993306724
4.667436887012297      4.757940602943379
4.658999502029754      4.797085524568286
4.650402844017667      4.8363851325429
4.641644934449514      4.875839789235898
4.632723783172835      4.915449844924929
4.623637388431129      4.955215637697982
4.614383736886149      4.995137493354354
4.604960803640626      5.035215725305236
4.595366552261405      5.075450634473912
4.585598934802997      5.11584250919556
4.575655891831569      5.156391625116669
4.565535352449365      5.197098245094053
4.555235234319565      5.237962619093483
4.544753443691582      5.278984984087919
4.534087875426818      5.320165563955346
4.523236413024868      5.361504569376225
4.5121969286501855      5.403002197730534
4.50096728315921      5.444658632994423
4.489545326127969      5.486474045636471
4.47792889588015      5.528448592513548
4.466115819515661      5.570582416766264
4.454103912939668      5.61287564771405
4.44189098089213      5.65532840074981
4.429474816977832      5.697940777234194
4.416853203696914      5.740712864389463
4.404023912475915      5.7836447351929605
4.3909847036993295      5.8267364482701804
4.377733326741676      5.869988047787438
4.364267520000102      5.913399563344145
4.350585010927513      5.956971009864671
4.336683516066231      6.00070238748982
4.322560741082212      6.044593681467909
4.308214380799791      6.088644862045422
4.2936421192369965      6.1328558843573004
4.278841629641416      6.177226688316804
4.263810574526624      6.221757198504984
4.248546605709191      6.266447324059763
4.233047364346254      6.311296958564601
4.217310480973683      6.356305979936774
4.2013335755448304      6.401474250315248
4.185114257469869      6.446801615948161
4.168650125655742      6.492287907079891
4.151938768546709      6.537932937837761
4.134977764165503      6.58373650611829
4.117764680155118      6.629698393473113
4.100297073821207      6.67581836499445
4.082572492175119      6.722096169200211
4.064588471977567      6.768531537918695
4.046342539782937      6.815124186172895
4.027832211984259      6.861873812064407
4.009054994858813      6.908780096656955
3.99000838461441      6.9558427038595125
3.9706898674363376      7.003061280309034
3.9510969195349737      7.050435455252807
3.9312270071940865      7.097964840430397
3.911077586819818      7.14564902995522
3.890646104990359      7.193487600195711
3.8699299985063225      7.241480109656122
3.848926694441826      7.289626098856919
3.827633610196282      7.337925090214807
3.806048153546905      7.386376587922357
3.784167722701951      7.434980077827269
3.761989706354675      7.483735027311238
3.7395114837380388      7.5326408851684405
3.716730424680154      7.581697081483658
3.6936438896604784      7.630903027510001
3.670249229866774      7.680258115546284
3.6465437872528206      7.729761718813993
3.622524894596902      7.779413191333912
3.5981898755610753      7.829211867802356
3.5735360447512177      7.879157063467049
3.5485607077778636      7.929248074002621
3.5232611613178397      7.9794841753857515
3.497634693176708      8.029864623769937
3.4716785823520153      8.080388655359906
3.445390099097354      8.13105548628566
3.418766504987264      8.181864312476177
3.3918050529829458      8.232814309532733
3.364502987498827      8.283904632601885
3.3368575444699626      8.335134416248096
3.3088659514202923      8.386502774326003
3.28052542753176      8.438008799852364
3.2518331837142873      8.489651564877606
3.2227864226766285      8.541430120357091
3.193382338998105      8.593343496021987
3.1636181192012183      8.645390700249832
3.1334909418251646      8.69757071993475
3.1029979775002485      8.749882520357335
3.0721363890231976      8.8023250450542
3.0409033314333977      8.854897215687188
3.0092959520900493      8.907597931912289
2.9773113907502506      8.960426071248184
2.9449467796480175      9.013380488944518
2.9121992435742436      9.066460017849804
2.879065899957619      9.119663468279066
2.8455438589464914      9.172989627881117
2.81163022349171      9.226437261505563
2.7773220894304265      9.280005111069487
2.74261654557088      9.333691895423827
2.7075106737781702      9.387496310219454
2.672001549061024      9.441417027772973
2.6360862396595577      9.495452696932183
2.599761807134055      9.549601942941312
2.5630253064547515      9.60386336730589
2.5258737860926526      9.658235547657405
2.488304288111373      9.71271703761764
2.4503138482600155      9.767306366662742
2.4118994960670985      9.822002039987021
2.3730582549355344      9.87680253836648
2.333787142238661      9.931706318022067
2.2940831694173522      9.986711810482689
2.2539433420781934      10.041817422447929
2.213364660092744      10.097021535650567
2.172344117697888      10.152322506718791
2.1308787035972814      10.207718667038192
2.088965401063906      10.263208322613519
2.046601188043733      10.318789753930185
2.003783037260507      10.374461215815538
1.9605079163216612      10.430220937299925
1.916772787825359      10.486067121477493
1.8725746094686881      10.541997945366811
1.827910334156995      10.598011559771232
1.7827769101143849      10.654106089139088
1.7371712809953825      10.71027963142365
1.6910903859977675      10.766530257942883
1.6445311599765882      10.822856013239026
1.5974905335593679      10.879254914937967
1.5499654332625012      10.93572495360841
1.5019527816088585      10.992264092620903
1.4534494972466003      11.048870268006647
1.404452495069209      11.105541388316157
1.35495868633675      11.162275334477744
1.3049649787983626      11.219069959655844
1.2544682768159992      11.275923089109172
1.2034654814894092      11.33283252004875
1.1519534907823814      11.389796021495766
1.099929199650254      11.446811334139303
1.047389500168694      11.503876170193932
0.9943312816637611      11.560988213257184
0.9407514308432562      11.618145118166867
0.8866468319293705      11.675344510858306
0.8320143667926346      11.732583988221446
0.7768509150871822      11.789861117957852
0.721153354387332      11.847173438437615
0.6649185603254982      11.90451845855616
0.6081434067314356      11.96189365759096
0.5508247657728275      12.019296485058184
0.4929595080972251      12.07672436056925
0.43454450297534586      12.134174673687331
0.37557661844573703      12.191644783783776
0.3160527214608153      12.24913201989449
0.2559696780342873      12.306633680576256
0.1953243533899609      12.364147033763027
0.13411361211195408      12.421669316622157
0.07233431829630953      12.479197735410642
0.009983335704022742      12.536729465331295
-0.05294247208450833      12.594261650388924
-0.11644624151360457      12.651791403246532
-0.18053110889498988      12.70931580508146
-0.24520021024903033      12.766831905441563
-0.31045668114452113      12.82433672210143
-0.3763036565370116      12.881827240918556
-0.44274427060566407      12.939300415689612
-0.5097816565886336      12.996753168006704
-0.5774189466169668      13.054182387113695
-0.6456592715470052      13.111584929762575
-0.7145057607912925      13.168957620069891
-0.7839615421479713      13.22629724937324
-0.854029741628666      13.283600576087839
-0.9247134832848417      13.340864325563167
-0.9960158890326334      13.398085189939739
-1.0679400784761335      13.455259828005904
-1.140489168729137      13.512384865054836
-1.2136662742353266      13.569456892741567
-1.2874745065869022      13.626472468940195
-1.3619169743416342      13.683428117601204
-1.4369967828383416      13.740320328608908
-1.512717034010787      13.797145557639087
-1.5890808261999734      13.85390022601675
-1.6660912539648431      13.910580720574067
-1.7437514078913665      13.967183393508487
-1.8220643744000165      14.023704562241047
-1.9010332355516137      14.080140509274846
-1.9806610688515462      14.136487482053774
-2.0609509470523433      14.192741692821391
-2.1419059379546055      14.24889931848009
-2.2235291042062797      14.304956500450439
-2.305823503100269      14.36090934453081
-2.388792186370375      14.416753920757218
-2.4724381999855582      14.472486263263457
-2.556764583942517      14.528102370141477
-2.6417743720565716      14.583598203302063
-2.7274705917508446      14.6389696883358
-2.813856263843737      14.694212714374316
-2.9009344023346886      14.749323133951885
-2.9887080141882048      14.804296762867287
-3.07718009911617      14.859129380046067
-3.166353649358405      14.913816727403072
-3.2562316494614887      14.968354509705401
-3.346817076055823      15.022738394435667
-3.4381128976309356      15.07696401165565
-3.530122074309015      15.131026953870373
-3.6228475576166703      15.184922775892497
-3.716292290254907      15.23864699470719
-3.8104592058673132      15.292195089337394
-3.905351228806443      15.345562500709493
-4.000971273898404      15.39874463151947
-4.097322246205617      15.451736846099468
-4.194407040787774      15.50453447028486
-4.292228542460957      15.557132791281745
-4.390789625554919      15.609527057534986
-4.490093153668537      15.661712478596682
-4.590141979423402      15.7136842249952
-4.6909389442155645      15.765437428104738
-4.792486877965405      15.816967180015347
-4.894788598865647      15.868268533403597
-4.9978469131274785      15.919336501403725
-5.101664614724807      15.9701660574794
-5.2062444851366      16.02075213529604
-5.31158929308735      16.071089628593757
-5.417701794285618      16.121173391060893
-5.524584731160673      16.170998236208153
-5.632240832597204      16.22055893724343
-5.740672813668124      16.26985022694723
-5.849883375365412      16.318866797548765
-5.959875204329049      16.367603300602752
-6.070650972573977      16.416054346866847
-6.18221333721512      16.464214506179808
-6.294564940190456      16.512078307340403
-6.407708407982093      16.55964023798696
-6.5216463513354      16.606894744477763
-6.636381364976144      16.653836231772097
-6.751916027325644      16.70045906331217
-6.868252900213931      16.746757560905696
-6.985394528590913      16.792726004609413
-7.103343440235528      16.838358632613275
-7.2221021454628955      16.88364964112558
-7.341673136829435      16.928593184258855
-7.462058888835977      16.97318337391667
-7.583261857628823      17.017414279681233
-7.7052844806987935      17.061279928701964
-7.828129176578207      17.104774305584886
-7.951798344535839      17.14789135228299
-8.076294364269778      17.190624967987475
-8.201619595598292      17.23296900901998
-8.327776378148556      17.27491728872573
-8.454767031043358      17.31646357736772
-8.58259385258569      17.35760160202179
-8.711259119941284      17.398325046472817
-8.840765088819037      17.438627551111825
-8.97111399314934      17.478502712834207
-9.102308044760331      17.517944084938975
-9.234349433052008      17.556945177029053
-9.367240324668241      17.595499454912694
-9.501276064708383      17.6334432791831
-9.635311804748525      17.671387103453508
-9.769347544788667      17.70933092772391
-9.90338328482881      17.74727475199432
-10.037419024868951      17.785218576264725
-10.171454764909093      17.823162400535132
-10.305490504949235      17.861106224805535
-10.439526244989377      17.899050049075942
-10.573561985029519      17.93699387334635
-10.707597725069661      17.974937697616756
-10.841633465109803      18.012881521887163
-10.975669205149945      18.050825346157566
-11.109704945190087      18.088769170427973
-11.243740685230229      18.12671299469838
-11.37777642527037      18.164656818968787
-11.511812165310513      18.202600643239194
-11.645847905350655      18.240544467509597
-11.779883645390797      18.278488291780004
-11.91391938543094      18.31643211605041
-12.04795512547108      18.354375940320818
-12.181990865511224      18.392319764591225
-12.316026605551366      18.430263588861628
-12.450062345591508      18.468207413132035
-12.58409808563165      18.50615123740244
-12.718133825671792      18.54409506167285
-12.852169565711932      18.582038885943252
-12.986205305752076      18.61998271021366
-13.120241045792218      18.657926534484066
-13.25427678583236      18.695870358754473
-13.388312525872502      18.73381418302488
-13.522348265912644      18.771758007295283
-13.656384005952786      18.80970183156569
-13.790419745992928      18.847645655836097
-13.924455486033072      18.885589480106503
-14.058491226073212      18.92353330437691
-14.192526966113356      18.961477128647317
-14.326562706153496      18.99942095291772
-14.46059844619364      19.037364777188127
-14.59463418623378      19.075308601458534
-14.728669926273923      19.11325242572894
-14.862705666314065      19.151196249999344
-14.996741406354207      19.18914007426975
-15.13077714639435      19.227083898540158
-15.264812886434491      19.265027722810565
-15.398848626474633      19.302971547080972
-15.532884366514775      19.340915371351375
-15.666920106554917      19.378859195621782
-15.800955846595059      19.41680301989219
-15.934991586635203      19.454746844162596
-16.069027326675343      19.492690668433
-16.203063066715487      19.530634492703406
-16.337098806755627      19.568578316973813
-16.47113454679577      19.60652214124422
-16.60517028683591      19.644465965514627
-16.739206026876055      19.682409789785034
-16.873241766916195      19.720353614055437
-17.00727750695634      19.758297438325844
-17.14131324699648      19.79624126259625
-17.275348987036622      19.834185086866658
-17.409384727076763      19.87212891113706
-17.543420467116906      19.910072735407468
-17.67745620715705      19.948016559677875
-17.81149194719719      19.98596038394828
-17.94552768723733      20.02390420821869
-18.079563427277474      20.061848032489095
-18.213599167317618      20.0997918567595
-18.347634907357758      20.137735681029906
-18.4816706473979      20.175679505300312
-18.615706387438046      20.21362332957072
-18.749742127478186      20.251567153841123
-18.883777867518326      20.28951097811153
-19.01781360755847      20.327454802381936
-19.151849347598613      20.365398626652343
-19.285885087638754      20.40334245092275
-19.419920827678894      20.441286275193153
-19.553956567719037      20.47923009946356
-19.68799230775918      20.517173923733967
-19.82202804779932      20.555117748004374
-19.95606378783946      20.59306157227478
-20.09009952787961      20.631005396545184
-20.22413526791975      20.66894922081559
-20.35817100795989      20.706893045085998
-20.492206748000033      20.744836869356405
-20.626242488040177      20.78278069362681
-20.760278228080317      20.820724517897215
-20.894313968120457      20.858668342167622
-21.0283497081606      20.89661216643803
-21.162385448200745      20.934555990708436
-21.296421188240885      20.97249981497884
-21.430456928281025      21.010443639249246
-21.56449266832117      21.048387463519653
-21.698528408361312      21.08633128779006
-21.832564148401453      21.124275112060467
-21.966599888441596      21.162218936330873
-22.100635628481736      21.200162760601277
-22.23467136852188      21.238106584871684
-22.36870710856202      21.27605040914209
-22.502742848602164      21.313994233412497
-22.636778588642304      21.3519380576829
-22.770814328682448      21.389881881953308
-22.904850068722588      21.427825706223715
-23.038885808762732      21.46576953049412
-23.172921548802876      21.50371335476453
-23.306957288843016      21.54165717903493
-23.44099302888316      21.579601003305342
-23.5750287689233      21.617544827575745
-23.709064508963444      21.655488651846152
-23.843100249003584      21.693432476116556
-23.977135989043727      21.731376300386962
-24.11117172908387      21.76932012465737
-24.24520746912401      21.807263948927776
-24.37924320916415      21.845207773198183
-24.513278949204295      21.88315159746859
-24.64731468924444      21.921095421738993
-24.78135042928458      21.9590392460094
-24.91538616932472      21.996983070279807
-25.049421909364867      22.034926894550214
-25.183457649405007      22.072870718820617
-25.317493389445147      22.110814543091024
-25.45152912948529      22.14875836736143
-25.58556486952543      22.186702191631838
-25.719600609565575      22.224646015902245
-25.85363634960572      22.26258984017265
-25.98767208964586      22.300533664443055
-26.121707829686      22.338477488713462
-26.255743569726143      22.37642131298387
-26.389779309766286      22.414365137254276
-26.523815049806426      22.45230896152468
-26.657850789846567      22.490252785795086
-26.791886529886714      22.528196610065493
-26.925922269926854      22.5661404343359
-27.059958009966994      22.604084258606306
-27.193993750007138      22.642028082876713
-27.32802949004728      22.679971907147117
-27.462065230087422      22.717915731417524
-27.596100970127562      22.755859555687927
-27.730136710167706      22.793803379958337
-27.86417245020785      22.83174720422874
-27.99820819024799      22.869691028499147
-28.13224393028813      22.907634852769554
-28.266279670328274      22.94557867703996
-28.400315410368417      22.983522501310368
-28.534351150408558      23.02146632558077
-28.6683868904487      23.05941014985118
-28.802422630488845      23.097353974121585
-28.936458370528985      23.135297798391992
-29.070494110569125      23.173241622662395
-29.20452985060927      23.211185446932802
-29.338565590649413      23.24912927120321
-29.472601330689553      23.287073095473616
-29.606637070729693      23.325016919744023
-29.740672810769837      23.36296074401443
-29.87470855080998      23.400904568284833
-30.00874429085012      23.43884839255524
-30.14278003089026      23.476792216825647
-30.276815770930405      23.514736041096054
-30.41085151097055      23.552679865366457
-30.54488725101069      23.590623689636864
-30.678922991050833      23.62856751390727
-30.812958731090976      23.666511338177678
-30.946994471131116      23.704455162448085
-31.081030211171257      23.74239898671849
-31.2150659512114      23.780342810988895
-31.349101691251544      23.8182866352593
-31.483137431291684      23.85623045952971
-31.617173171331824      23.894174283800115
-31.751208911371968      23.93211810807052
-31.885244651412112      23.970061932340926
-32.019280391452256      24.008005756611333
-32.15331613149239      24.04594958088174
-32.287351871532536      24.083893405152146
-32.42138761157268      24.121837229422553
-32.555423351612816      24.15978105369296
-32.689459091652964      24.197724877963363
-32.82349483169311      24.235668702233767
-32.957530571733244      24.273612526504174
-33.09156631177339      24.31155635077458
-33.22560205181353      24.349500175044987
-33.35963779185367      24.387443999315394
-33.49367353189382      24.4253878235858
-33.62770927193395      24.463331647856208
-33.7617450119741      24.50127547212661
-33.89578075201425      24.53921929639702
-34.02981649205438      24.577163120667425
-34.16385223209453      24.61510694493783
-34.29788797213467      24.65305076920824
-34.43192371217481      24.690994593478642
-34.565959452214955      24.72893841774905
-34.69999519225509      24.766882242019456
-34.834030932295235      24.804826066289863
-34.96806667233538      24.84276989056027
-35.10210241237552      24.880713714830677
-35.23613815241566      24.91865753910108
-35.37017389245581      24.956601363371487
-35.50420963249594      24.994545187641894
-35.63824537253609      25.032489011912297
-35.77228111257624      25.070432836182704
-35.90631685261637      25.10837666045311
-36.04035259265652      25.146320484723518
-36.17438833269665      25.18426430899392
-36.3084240727368      25.222208133264324
-36.44245981277693      25.26015195753473
-36.57649555281708      25.298095781805138
-36.71053129285721      25.336039606075545
-36.84456703289735      25.37398343034595
-36.97860277293749      25.411927254616355
-37.112638512977625      25.44987107888676
-37.24667425301777      25.487814903157165
-37.380709993057906      25.525758727427572
-37.514745733098046      25.563702551697972
-37.648781473138186      25.60164637596838
-37.78281721317832      25.639590200238786
-37.916852953218466      25.677534024509193
-38.0508886932586      25.7154778487796
-38.18492443329875      25.753421673050003
-38.31896017333888      25.791365497320406
-38.45299591337903      25.829309321590813
-38.58703165341916      25.86725314586122
-38.7210673934593      25.905196970131623
-38.85510313349944      25.943140794402026
-38.989138873539574      25.981084618672433
-39.12317461357972      26.01902844294284
-39.257210353619854      26.056972267213247
-39.391246093659994      26.09491609148365
-39.525281833700134      26.132859915754054
-39.65931757374027      26.17080374002446
-39.793353313780415      26.208747564294868
-39.92738905382055      26.24669138856527
-40.06142479386069      26.284635212835674
-40.19546053390083      26.32257903710608
-40.32949627394096      26.360522861376488
-40.46353201398111      26.398466685646895
-40.59756775402124      26.436410509917298
-40.73160349406139      26.4743543341877
-40.86563923410152      26.51229815845811
-40.99967497414167      26.550241982728515
-41.1337107141818      26.58818580699892
-41.26774645422194      26.626129631269322
-41.40178219426208      26.66407345553973
-41.535817934302216      26.702017279810136
-41.66985367434236      26.739961104080542
-41.803889414382496      26.777904928350946
-41.93792515442264      26.81584875262135
-42.07196089446278      26.853792576891756
-42.20599663450291      26.891736401162163
-42.34003237454306      26.929680225432566
-42.47406811458319      26.96762404970297
-42.60810385462334      27.005567873973376
-42.74213959466347      27.043511698243783
-42.87617533470362      27.08145552251419
-43.01021107474375      27.119399346784594
-43.1442468147839      27.157343171054997
-43.27828255482403      27.195286995325404
-43.412318294864164      27.23323081959581
-43.54635403490431      27.271174643866214
-43.680389774944445      27.309118468136617
-43.81442551498459      27.347062292407024
-43.948461255024725      27.38500611667743
-44.08249699506486      27.422949940947838
-44.216532735105005      27.46089376521824
-44.35056847514514      27.498837589488645
-44.484604215185286      27.53678141375905
-44.61863995522542      27.57472523802946
-44.75267569526555      27.61266906229986
-44.8867114353057      27.650612886570265
-45.02074717534583      27.688556710840672
-45.15478291538598      27.72650053511108
-45.28881865542611      27.764444359381486
-45.42285439546626      27.80238818365189
-45.55689013550639      27.840332007922292
-45.69092587554654      27.8782758321927
-45.82496161558667      27.916219656463106
-45.958997355626806      27.95416348073351
-46.093033095666954      27.992107305003913
-46.22706883570709      28.03005112927432
-46.361104575747234      28.067994953544726
-46.49514031578737      28.10593877781513
-46.6291760558275      28.14388260208554
-46.76321179586765      28.18182642635594
-46.89724753590778      28.219770250626347
-47.03128327594793      28.257714074896754
-47.16531901598806      28.295657899167157
-47.29935475602821      28.33360172343756
-47.43339049606834      28.371545547707967
-47.56742623610849      28.409489371978374
-47.70146197614862      28.447433196248777
-47.835497716188755      28.485377020519188
-47.9695334562289      28.52332084478959
-48.103569196269035      28.561264669059995
-48.23760493630918      28.5992084933304
-48.371640676349315      28.637152317600805
-48.50567641638945      28.675096141871208
-48.639712156429596      28.713039966141615
-48.77374789646973      28.750983790412022
-48.907783636509876      28.788927614682425
-49.04181937655001      28.826871438952836
-49.17585511659016      28.86481526322324
-49.30989085663029      28.902759087493642
-49.44392659667042      28.94070291176405
-49.57796233671057      28.978646736034452
-49.7119980767507      29.016590560304856
-49.84603381679085      29.054534384575263
-49.98006955683098      29.09247820884567
-50.11410529687113      29.130422033116073
-50.248141036911264      29.168365857386483
-50.3821767769514      29.206309681656887
-50.516212516991544      29.24425350592729
-50.65024825703168      29.282197330197697
-50.784283997071825      29.3201411544681
-50.91831973711196      29.358084978738503
-51.05235547715209      29.39602880300891
-51.18639121719224      29.433972627279317
-51.32042695723237      29.47191645154972
-51.45446269727252      29.509860275820124
-51.58849843731265      29.547804100090534
-51.7225341773528      29.585747924360938
-51.85656991739293      29.623691748631344
-51.99060565743308      29.66163557290175
-52.12464139747321      29.69957939717215
-52.258677137513345      29.737523221442558
-52.39271287755349      29.775467045712965
-52.526748617593626      29.813410869983368
-52.66078435763377      29.85135469425377
-52.794820097673906      29.889298518524182
-52.92885583771404      29.927242342794585
-53.062891577754186      29.965186167064992
-53.19692731779432      30.0031299913354
-53.33096305783447      30.041073815605802
-53.4649987978746      30.079017639876206
-53.59903453791475      30.116961464146613
-53.73307027795488      30.154905288417016
-53.86710601799503      30.19284911268742
-54.00114175803516      30.23079293695783
-54.135177498075294      30.268736761228233
-54.26921323811544      30.30668058549864
-54.403248978155574      30.344624409769047
-54.53728471819572      30.38256823403945
-54.671320458235854      30.420512058309853
-54.80535619827599      30.45845588258026
-54.939391938316135      30.496399706850664
-55.07342767835627      30.53434353112107
-55.207463418396415      30.572287355391477
-55.34149915843655      30.610231179661884
-55.47553489847668      30.648175003932288
-55.60957063851683      30.68611882820269
-55.74360637855696      30.724062652473098
-55.87764211859711      30.7620064767435
-56.01167785863724      30.799950301013908
-56.14571359867739      30.83789412528431
-56.27974933871752      30.875837949554718
-56.41378507875767      30.91378177382512
-56.5478208187978      30.951725598095532
-56.681856558837936      30.989669422365935
-56.81589229887808      31.02761324663634
-56.949928038918216      31.065557070906745
-57.08396377895836      31.10350089517715
-57.2179995189985      31.141444719447556
-57.352035259038644      31.17938854371796
-57.48607099907878      31.217332367988366
-57.62010673911891      31.25527619225877
-57.75414247915906      31.29322001652918
-57.88817821919919      31.331163840799583
-58.02221395923934      31.36910766506999
-58.15624969927947      31.407051489340393
-58.290285439319604      31.444995313610796
-58.42432117935975      31.482939137881203
-58.558356919399884      31.520882962151607
-58.69239265944003      31.558826786422014
-58.826428399480164      31.596770610692417
-58.96046413952031      31.634714434962827
-59.094499879560445      31.67265825923323
-59.22853561960059      31.710602083503638
-59.362571359640725      31.74854590777404
-59.49660709968087      31.786489732044444
-59.630642839721006      31.82443355631485
-59.76467857976114      31.862377380585254
-59.898714319801286      31.90032120485566
-60.03275005984142      31.938265029126065
-60.166785799881566      31.97620885339647
-60.3008215399217      32.01415267766687
-60.43485727996183      32.052096501937285
-60.56889302000198      32.090040326207685
-60.70292876004211      32.127984150478085
-60.83696450008226      32.1659279747485
-60.97100024012239      32.203871799018906
-61.105035980162526      32.24181562328931
-61.23907172020267      32.27975944755971
-61.37310746024281      32.317703271830126
-61.507143200282954      32.355647096100526
-61.64117894032309      32.39359092037093
-61.775214680363234      32.43153474464134
-61.90925042040337      32.46947856891174
-62.0432861604435      32.507422393182146
-62.17732190048365      32.54536621745255
-62.31135764052378      32.58331004172295
-62.44539338056393      32.62125386599336
-62.57942912060406      32.65919769026377
-62.713464860644194      32.69714151453417
-62.84750060068434      32.73508533880458
-62.98153634072449      32.77302916307498
-63.11557208076462      32.810972987345394
-63.24960782080477      32.848916811615794
-63.3836435608449      32.8868606358862
-63.517679300885035      32.92480446015661
-63.65171504092518      32.96274828442701
-63.785750780965316      33.000692108697415
-63.91978652100546      33.03863593296782
-64.0538222610456      33.07657975723822
-64.18785800108574      33.114523581508635
-64.32189374112588      33.152467405779035
-64.45592948116601      33.19041123004945
-64.58996522120616      33.22835505431985
-64.7240009612463      33.266298878590256
-64.85803670128644      33.30424270286066
-64.99207244132657      33.34218652713106
-65.12610818136672      33.380130351401476
-65.26014392140685      33.418074175671876
-65.394179661447      33.45601799994228
-65.52821540148713      33.49396182421269
-65.66225114152726      33.53190564848309
-65.79628688156741      33.569849472753496
-65.93032262160754      33.6077932970239
-66.06435836164769      33.6457371212943
-66.19839410168782      33.68368094556471
-66.33242984172796      33.72162476983512
-66.4664655817681      33.75956859410552
-66.60050132180824      33.79751241837593
-66.73453706184839      33.83545624264633
-66.86857280188852      33.87340006691674
-67.00260854192867      33.911343891187144
-67.1366442819688      33.94928771545755
-67.27068002200893      33.98723153972796
-67.40471576204908      34.02517536399836
-67.53875150208921      34.06311918826877
-67.67278724212936      34.10106301253917
-67.80682298216949      34.13900683680958
-67.94085872220963      34.176950661079985
-68.07489446224977      34.214894485350385
-68.2089302022899      34.25283830962079
-68.34296594233005      34.2907821338912
-68.47700168237019      34.3287259581616
-68.61103742241033      34.366669782432005
-68.74507316245047      34.40461360670241
-68.87910890249061      34.44255743097281
-69.01314464253075      34.480501255243226
-69.1471803825709      34.518445079513626
-69.28121612261103      34.55638890378403
-69.41525186265116      34.59433272805444
-69.54928760269131      34.63227655232485
-69.68332334273144      34.67022037659525
-69.81735908277159      34.70816420086565
-69.95139482281172      34.74610802513607
-70.08543056285185      34.78405184940647
-70.219466302892      34.821995673676874
-70.35350204293213      34.85993949794728
-70.48753778297228      34.89788332221768
-70.62157352301242      34.93582714648809
-70.75560926305255      34.973770970758494
-70.8896450030927      35.011714795028894
-71.02368074313283      35.04965861929931
-71.15771648317298      35.08760244356971
-71.29175222321311      35.12554626784011
-71.42578796325326      35.16349009211052
-71.55982370329339      35.20143391638092
-71.69385944333352      35.23937774065133
-71.82789518337367      35.277321564921735
-71.9619309234138      35.31526538919215
-72.09596666345395      35.35320921346255
-72.23000240349408      35.391153037732956
-72.36403814353422      35.42909686200336
-72.49807388357436      35.46704068627376
-72.63210962361451      35.50498451054417
-72.76614536365464      35.542928334814576
-72.90018110369478      35.580872159084976
-73.03421684373492      35.61881598335538
-73.16825258377506      35.65675980762579
-73.3022883238152      35.69470363189619
-73.43632406385534      35.7326474561666
-73.57035980389549      35.770591280437
-73.70439554393562      35.80853510470741
-73.83843128397575      35.84647892897782
-73.9724670240159      35.88442275324822
-74.10650276405605      35.92236657751862
-74.24053850409618      35.96031040178903
-74.37457424413631      35.99825422605943
-74.50860998417645      36.036198050329844
-74.64264572421659      36.07414187460025
-74.77668146425674      36.11208569887066
-74.91071720429687      36.15002952314106
-75.044752944337      36.187973347411464
-75.17878868437715      36.22591717168187
-75.31282442441729      36.26386099595227
-75.44686016445743      36.30180482022268
-75.58089590449757      36.339748644493085
-75.7149316445377      36.377692468763485
-75.84896738457785      36.4156362930339
-75.98300312461798      36.4535801173043
-76.11703886465813      36.491523941574705
-76.25107460469826      36.52946776584511
-76.3851103447384      36.56741159011551
-76.51914608477854      36.60535541438592
-76.65318182481867      36.643299238656326
-76.78721756485882      36.681243062926725
-76.92125330489895      36.71918688719714
-77.0552890449391      36.757130711467546
-77.18932478497923      36.79507453573795
-77.32336052501937      36.83301836000835
-77.45739626505951      36.87096218427876
-77.59143200509965      36.90890600854917
-77.7254677451398      36.94684983281957
-77.85950348517993      36.98479365708997
-77.99353922522008      37.02273748136038
-78.12757496526021      37.06068130563078
-78.26161070530034      37.098625129901194
-78.39564644534049      37.136568954171594
-78.52968218538064      37.174512778442
-78.66371792542077      37.21245660271241
-78.7977536654609      37.25040042698281
-78.93178940550104      37.288344251253214
-79.06582514554118      37.32628807552362
-79.19986088558133      37.36423189979402
-79.33389662562146      37.40217572406443
-79.4679323656616      37.44011954833484
-79.60196810570174      37.47806337260525
-79.73600384574188      37.51600719687565
-79.87003958578202      37.553951021146055
-80.00407532582216      37.59189484541646
-80.13811106586229      37.62983866968686
-80.27214680590244      37.667782493957276
-80.40618254594257      37.705726318227676
-80.54021828598272      37.743670142498075
-80.67425402602285      37.78161396676849
-80.808289766063      37.81955779103889
-80.94232550610313      37.857501615309296
-81.07636124614326      37.8954454395797
-81.21039698618341      37.9333892638501
-81.34443272622354      37.97133308812051
-81.47846846626369      38.009276912390916
-81.61250420630383      38.047220736661316
-81.74653994634396      38.08516456093172
-81.8805756863841      38.12310838520214
-82.01461142642424      38.161052209472544
-82.14864716646439      38.198996033742944
-82.28268290650452      38.23693985801335
-82.41671864654467      38.27488368228376
-82.5507543865848      38.31282750655416
-82.68479012662493      38.35077133082457
-82.81882586666508      38.38871515509497
-82.95286160670523      38.42665897936538
-83.08689734674536      38.464602803635785
-83.2209330867855      38.502546627906185
-83.35496882682563      38.54049045217659
-83.48900456686577      38.578434276447
-83.62304030690592      38.6163781007174
-83.75707604694605      38.654321924987805
-83.89111178698619      38.69226574925821
-84.02514752702633      38.73020957352861
-84.15918326706647      38.768153397799026
-84.29321900710661      38.806097222069425
-84.42725474714675      38.84404104633984
-84.5612904871869      38.88198487061024
-84.69532622722703      38.919928694880646
-84.82936196726716      38.95787251915105
-84.96339770730731      38.99581634342145
-85.09743344734744      39.03376016769187
-85.23146918738759      39.071703991962266
-85.36550492742772      39.10964781623267
-85.49954066746785      39.14759164050308
-85.633576407508      39.18553546477348
-85.76761214754814      39.22347928904389
-85.90164788758828      39.261423113314294
-86.03568362762842      39.29936693758469
-86.16971936766855      39.3373107618551
-86.3037551077087      39.37525458612551
-86.43779084774883      39.41319841039591
-86.57182658778898      39.45114223466632
-86.70586232782911      39.48908605893672
-86.83989806786926      39.52702988320713
-86.97393380790939      39.564973707477535
-87.10796954794952      39.60291753174794
-87.24200528798967      39.64086135601835
-87.37604102802982      39.67880518028875
-87.51007676806995      39.71674900455916
-87.64411250811008      39.75469282882956
-87.77814824815022      39.79263665309997
-87.91218398819036      39.830580477370376
-88.04621972823051      39.868524301640775
-88.18025546827064      39.90646812591118
-88.31429120831078      39.94441195018159
-88.44832694835092      39.98235577445199
-88.58236268839106      40.020299598722396
-88.7163984284312      40.0582434229928
-88.85043416847134      40.0961872472632
-88.98446990851149      40.134131071533616
-89.11850564855162      40.172074895804016
-89.25254138859175      40.21001872007442
-89.3865771286319      40.24796254434483
-89.52061286867203      40.285906368615244
-89.65464860871218      40.323850192885644
-89.78868434875231      40.36179401715604
-89.92272008879245      40.39973784142646
-90.05675582883259      40.43768166569686
-90.19079156887273      40.475625489967264
-90.32482730891287      40.51356931423767
-90.458863048953      40.55151313850807
-90.59289878899315      40.58945696277848
-90.72693452903329      40.627400787048884
-90.86097026907342      40.665344611319284
-90.99500600911357      40.7032884355897
-91.1290417491537      40.7412322598601
-91.26307748919385      40.7791760841305
-91.39711322923398      40.81711990840091
-91.53114896927411      40.85506373267131
-91.66518470931426      40.89300755694172
-91.79922044935441      40.930951381212125
-91.93325618939454      40.96889520548254
-92.06729192943467      41.00683902975294
-92.20132766947481      41.044782854023346
-92.33536340951495      41.08272667829375
-92.4693991495551      41.12067050256415
-92.60343488959523      41.15861432683456
-92.73747062963537      41.196558151104966
-92.87150636967552      41.234501975375366
-93.00554210971565      41.27244579964577
-93.1395778497558      41.31038962391618
-93.27361358979593      41.34833344818658
-93.40764932983608      41.386277272456994
-93.54168506987621      41.42422109672739
-93.67572080991634      41.4621649209978
-93.80975654995649      41.50010874526821
-93.94379228999662      41.53805256953861
-94.07782803003677      41.575996393809014
-94.2118637700769      41.61394021807942
-94.34589951011704      41.651884042349835
-94.47993525015718      41.689827866620234
-94.61397099019732      41.72777169089064
-94.74800673023746      41.76571551516105
-94.8820424702776      41.80365933943145
-95.01607821031774      41.841603163701855
-95.15011395035788      41.87954698797226
-95.28414969039801      41.91749081224266
-95.41818543043816      41.95543463651307
-95.5522211704783      41.993378460783475
-95.68625691051844      42.031322285053875
-95.82029265055857      42.06926610932429
-95.9543283905987      42.10720993359469
-96.08836413063885      42.145153757865096
-96.222399870679      42.1830975821355
-96.35643561071913      42.2210414064059
-96.49047135075926      42.25898523067631
-96.6245070907994      42.296929054946716
-96.75854283083954      42.334872879217116
-96.89257857087969      42.37281670348753
-97.02661431091983      42.41076052775794
-97.16065005095996      42.448704352028344
-97.2946857910001      42.48664817629874
-97.42872153104024      42.52459200056915
-97.56275727108039      42.56253582483956
-97.69679301112052      42.60047964910996
-97.83082875116067      42.638423473380364
-97.9648644912008      42.67636729765077
-98.09890023124093      42.71431112192117
-98.23293597128108      42.752254946191584
-98.36697171132121      42.790198770461984
-98.50100745136136      42.82814259473239
-98.6350431914015      42.8660864190028
-98.76907893144163      42.9040302432732
-98.90311467148177      42.941974067543605
-99.0371504115219      42.97991789181401
-99.17118615156205      43.01786171608441
-99.30522189160219      43.055805540354825
-99.43925763164233      43.09374936462523
-99.57329337168247      43.13169318889564
-99.7073291117226      43.16963701316604
-99.84136485176275      43.20758083743645
-99.9754005918029      43.24552466170685
-100.10943633184303      43.28346848597725
-100.24347207188316      43.321412310247666
-100.3775078119233      43.359356134518066
-100.51154355196344      43.397299958788466
-100.64557929200359      43.43524378305888
-100.77961503204372      43.47318760732928
-100.91365077208386      43.51113143159968
-101.047686512124      43.54907525587009
-101.18172225216414      43.58701908014049
-101.31575799220428      43.62496290441091
-101.44979373224442      43.66290672868131
-101.58382947228455      43.70085055295171
-101.7178652123247      43.73879437722212
-101.85190095236483      43.77673820149252
-101.98593669240498      43.814682025762934
-102.11997243244511      43.852625850033334
-102.25400817248526      43.89056967430375
-102.38804391252539      43.92851349857415
-102.52207965256552      43.96645732284455
-102.65611539260567      44.00440114711496
-102.7901511326458      44.04234497138536
-102.92418687268594      44.08028879565576
-103.05822261272608      44.118232619926175
-103.19225835276623      44.156176444196575
-103.32629409280636      44.194120268466975
-103.4603298328465      44.23206409273739
-103.59436557288663      44.27000791700779
-103.72840131292678      44.3079517412782
-103.86243705296692      44.3458955655486
-103.99647279300706      44.383839389819
-104.13050853304719      44.421783214089416
-104.26454427308734      44.45972703835983
-104.39858001312749      44.49767086263023
-104.53261575316762      44.53561468690063
-104.66665149320775      44.57355851117104
-104.80068723324788      44.61150233544144
-104.93472297328805      44.64944615971184
-105.06875871332818      44.68738998398226
-105.20279445336831      44.72533380825266
-105.33683019340845      44.76327763252306
-105.4708659334486      44.80122145679347
-105.60490167348874      44.83916528106387
-105.73893741352887      44.87710910533427
-105.872973153569      44.915052929604684
-106.00700889360914      44.952996753875084
-106.14104463364929      44.9909405781455
-106.27508037368943      45.0288844024159
-106.40911611372957      45.0668282266863
-106.5431518537697      45.10477205095671
-106.67718759380983      45.14271587522711
-106.81122333384998      45.180659699497525
-106.94525907389013      45.218603523767925
-107.07929481393026      45.25654734803834
-107.2133305539704      45.29449117230874
-107.34736629401053      45.33243499657914
-107.48140203405069      45.37037882084955
-107.61543777409082      45.40832264511995
-107.74947351413095      45.44626646939035
-107.88350925417109      45.484210293660766
-108.01754499421124      45.522154117931166
-108.15158073425137      45.56009794220158
-108.28561647429152      45.59804176647198
-108.41965221433165      45.63598559074238
-108.5536879543718      45.67392941501279
-108.68772369441194      45.71187323928319
-108.82175943445208      45.74981706355359
-108.95579517449221      45.78776088782401
-109.08983091453234      45.82570471209441
-109.22386665457248      45.863648536364806
-109.35790239461262      45.90159236063522
-109.49193813465276      45.939536184905634
-109.6259738746929      45.977480009176034
-109.76000961473304      46.015423833446434
-109.89404535477318      46.05336765771685
-110.02808109481333      46.09131148198725
-110.16211683485346      46.12925530625765
-110.2961525748936      46.16719913052805
-110.43018831493373      46.20514295479846
-110.56422405497386      46.243086779068875
-110.69825979501402      46.281030603339275
-110.83229553505416      46.31897442760969
-110.96633127509429      46.35691825188009
-111.10036701513442      46.39486207615049
-111.23440275517457      46.43280590042089
-111.36843849521472      46.4707497246913
-111.50247423525485      46.5086935489617
-111.63650997529498      46.546637373232116
-111.77054571533512      46.584581197502516
-111.90458145537528      46.62252502177293
-112.03861719541541      46.66046884604333
-112.17265293545555      46.69841267031373
-112.30668867549568      46.73635649458413
-112.44072441553583      46.77430031885454
-112.57476015557596      46.81224414312494
-112.7087958956161      46.85018796739536
-112.84283163565624      46.88813179166576
-112.97686737569639      46.92607561593617
-113.11090311573653      46.96401944020657
-113.24493885577667      47.00196326447697
-113.3789745958168      47.039907088747384
-113.51301033585693      47.077850913017784
-113.64704607589707      47.1157947372882
-113.78108181593721      47.1537385615586
-113.91511755597735      47.19168238582901
-114.0491532960175      47.2296262100994
-114.18318903605763      47.26757003436981
-114.31722477609777      47.30551385864021
-114.45126051613792      47.343457682910625
-114.58529625617805      47.381401507181025
-114.71933199621819      47.41934533145144
-114.85336773625832      47.45728915572184
-114.98740347629845      47.49523297999224
-115.12143921633862      47.53317680426264
