0.005       5.000124999479182
0.01       5.000499991667723
0.015       5.001124957824519
0.02       5.001999866734193
0.025       5.003124674736702
0.030000000000000002       5.004499325768773
0.035       5.006123751417064
0.04       5.007997870982966
0.045       5.01012159155898
0.049999999999999996       5.012494808116522
0.05499999999999999       5.015117403605074
0.05999999999999999       5.017989249062484
0.06499999999999999       5.0211102037363
0.06999999999999999       5.024480115215943
0.075       5.028098819575523
0.08       5.031966141527114
0.085       5.0360818945842585
0.09000000000000001       5.040445881235462
0.09500000000000001       5.045057893127458
0.10000000000000002       5.049917711257965
0.10500000000000002       5.055025106177676
0.11000000000000003       5.060379838201203
0.11500000000000003       5.065981657626699
0.12000000000000004       5.071830304963828
0.12500000000000003       5.077925511169824
0.13000000000000003       5.084266997893278
0.13500000000000004       5.090854477725351
0.14000000000000004       5.097687654458101
0.14500000000000005       5.1047662233495545
0.15000000000000005       5.112089871395212
0.15500000000000005       5.119658277605629
0.16000000000000006       5.127471113289728
0.16500000000000006       5.135528042343488
0.17000000000000007       5.143828721543666
0.17500000000000007       5.152372800846192
0.18000000000000008       5.161159923688874
0.18500000000000008       5.17018972729807
0.19000000000000009       5.179461842998967
0.1950000000000001       5.1889758965291115
0.2000000000000001       5.198731508354838
0.2050000000000001       5.208728293990258
0.2100000000000001       5.218965864318441
0.2150000000000001       5.22944382591447
0.2200000000000001       5.240161781370015
0.22500000000000012       5.251119329619092
0.23000000000000012       5.2623160662647015
0.23500000000000013       5.273751583905974
0.24000000000000013       5.285425472465575
0.24500000000000013       5.2973373195169895
0.2500000000000001       5.309486710611443
0.2550000000000001       5.321873229604113
0.2600000000000001       5.334496458979378
0.2650000000000001       5.347355980174812
0.27000000000000013       5.360451373903658
0.27500000000000013       5.373782220475493
0.28000000000000014       5.387348100114884
0.28500000000000014       5.401148593277722
0.29000000000000015       5.415183280965054
0.29500000000000015       5.429451745034165
0.30000000000000016       5.443953568506688
0.30500000000000016       5.4586883358735285
0.31000000000000016       5.473655633396451
0.31500000000000017       5.4888550494060695
0.3200000000000002       5.504286174596122
0.3250000000000002       5.51994860231383
0.3300000000000002       5.535841928846202
0.3350000000000002       5.55196575370211
0.3400000000000002       5.568319679890017
0.3450000000000002       5.5849033141912345
0.3500000000000002       5.601716267428545
0.3550000000000002       5.6187581547301395
0.3600000000000002       5.636028595788726
0.3650000000000002       5.653527215115718
0.3700000000000002       5.6712536422904325
0.3750000000000002       5.689207512204239
0.3800000000000002       5.707388465299529
0.38500000000000023       5.725796147803535
0.39000000000000024       5.7444302119568675
0.39500000000000024       5.763290316236781
0.40000000000000024       5.7823761255751185
0.40500000000000025       5.801687311570891
0.41000000000000025       5.821223552697497
0.41500000000000026       5.840984534504564
0.42000000000000026       5.860969949814377
0.42500000000000027       5.88117949891295
0.43000000000000027       5.901612889735678
0.4350000000000003       5.922269838047653
0.4400000000000003       5.943150067618594
0.4450000000000003       5.964253310392489
0.4500000000000003       5.9855793066518945
0.4550000000000003       6.007127805177004
0.4600000000000003       6.028898563399467
0.4650000000000003       6.050891347551054
0.4700000000000003       6.073105932807153
0.4750000000000003       6.095542103425205
0.4800000000000003       6.118199652878115
0.4850000000000003       6.141078383982687
0.4900000000000003       6.164178109023151
0.49500000000000033       6.1874986498698625
0.5000000000000003       6.2110398380932255
0.5050000000000003       6.234801515072914
0.5100000000000003       6.258783532102482
0.5150000000000003       6.2829857504894004
0.5200000000000004       6.307408041650648
0.5250000000000004       6.3320502872039
0.5300000000000004       6.356912379054413
0.5350000000000004       6.381994219477663
0.5400000000000004       6.40729572119789
0.5450000000000004       6.432816807462536
0.5500000000000004       6.458557412112741
0.5550000000000004       6.4845174796499565
0.5600000000000004       6.510696965298764
0.5650000000000004       6.537095835065987
0.5700000000000004       6.563714065796191
0.5750000000000004       6.59055164522366
0.5800000000000004       6.617608572020931
0.5850000000000004       6.644884855843994
0.5900000000000004       6.6723805173742194
0.5950000000000004       6.700095588357139
0.6000000000000004       6.72803011163813
0.6050000000000004       6.756184141195119
0.6100000000000004       6.78455774216838
0.6150000000000004       6.813150990887528
0.6200000000000004       6.841963974895777
0.6250000000000004       6.870996792971557
0.6300000000000004       6.900249555147586
0.6350000000000005       6.92972238272745
0.6400000000000005       6.959415408299822
0.6450000000000005       6.989328775750362
0.6500000000000005       7.019462640271387
0.6550000000000005       7.049817168369411
0.6600000000000005       7.080392537870618
0.6650000000000005       7.111188937924348
0.6700000000000005       7.142206569004658
0.6750000000000005       7.173445642910098
0.6800000000000005       7.204906382761658
0.6850000000000005       7.236589022999094
0.6900000000000005       7.268493809375595
0.6950000000000005       7.300620998950939
0.7000000000000005       7.332970860083145
0.7050000000000005       7.36554367241874
0.7100000000000005       7.39833972688166
0.7150000000000005       7.431359325660924
0.7200000000000005       7.46460278219702
0.7250000000000005       7.498070421167217
0.7300000000000005       7.5317625784697375
0.7350000000000005       7.56567960120691
0.7400000000000005       7.599821847667363
0.7450000000000006       7.6341896873072805
0.7500000000000006       7.668783500730818
0.7550000000000006       7.703603679669693
0.7600000000000006       7.738650626962024
0.7650000000000006       7.773924756530476
0.7700000000000006       7.80942649335973
0.7750000000000006       7.845156273473374
0.7800000000000006       7.881114543910194
0.7850000000000006       7.917301762700002
0.7900000000000006       7.953718398838937
0.7950000000000006       7.990364932264391
0.8000000000000006       8.027241853829507
0.8050000000000006       8.06434966527737
0.8100000000000006       8.101688879214851
0.8150000000000006       8.139260019086226
0.8200000000000006       8.177063619146528
0.8250000000000006       8.215100224434734
0.8300000000000006       8.25337039074676
0.8350000000000006       8.29187468460836
0.8400000000000006       8.330613683247917
0.8450000000000006       8.36958797456915
0.8500000000000006       8.408798157123838
0.8550000000000006       8.448244840084486
0.8600000000000007       8.487928643217051
0.8650000000000007       8.527850196853693
0.8700000000000007       8.568010141865638
0.8750000000000007       8.608409129636108
0.8800000000000007       8.649047822033394
0.8850000000000007       8.689926891384083
0.8900000000000007       8.731047020446454
0.8950000000000007       8.772408902384054
0.9000000000000007       8.81401324073953
0.9050000000000007       8.855860749408638
0.9100000000000007       8.897952152614556
0.9150000000000007       8.94028818488245
0.9200000000000007       8.982869591014321
0.9250000000000007       9.02569712606419
0.9300000000000007       9.068771555313555
0.9350000000000007       9.112093654247257
0.9400000000000007       9.155664208529632
0.9450000000000007       9.199484013981069
0.9500000000000007       9.243553876554945
0.9550000000000007       9.287874612314946
0.9600000000000007       9.3324470474128
0.9650000000000007       9.377272018066426
0.9700000000000008       9.422350370538515
0.9750000000000008       9.46768296111555
0.9800000000000008       9.513270656087268
0.9850000000000008       9.559114331726605
0.9900000000000008       9.60521487427007
0.9950000000000008       9.651573179898643
1.0000000000000007       9.698190154719121
1.0050000000000006       9.745066714745986
1.0100000000000005       9.792203785883729
1.0150000000000003       9.839602303909743
1.0200000000000002       9.887263214457672
1.0250000000000001       9.935187473001312
1.03       9.983376044839034
1.035       10.031829905078713
1.0399999999999998       10.080550038623223
1.0449999999999997       10.129537440156453
1.0499999999999996       10.178793114129878
1.0549999999999995       10.228318074749652
1.0599999999999994       10.27811334596429
1.0649999999999993       10.32817996145287
1.0699999999999992       10.378518964613816
1.074999999999999       10.429131408554223
1.079999999999999       10.480018356079762
1.0849999999999989       10.53118087968513
1.0899999999999987       10.58262006154508
1.0949999999999986       10.634336993506022
1.0999999999999985       10.686332777078174
1.1049999999999984       10.738608523428319
1.1099999999999983       10.791165353373087
1.1149999999999982       10.844004397372858
1.119999999999998       10.897126795526196
1.124999999999998       10.9505336975649
1.129999999999998       11.004226262849597
1.1349999999999978       11.058205660365914
1.1399999999999977       11.112473068721245
1.1449999999999976       11.167029676142073
1.1499999999999975       11.221876680471873
1.1549999999999974       11.27701528916959
1.1599999999999973       11.332446719308699
1.1649999999999971       11.388172197576814
1.169999999999997       11.444192960275899
1.174999999999997       11.500510253323034
1.1799999999999968       11.557125332251752
1.1849999999999967       11.614039462213956
1.1899999999999966       11.671253917982385
1.1949999999999965       11.728769983953669
1.1999999999999964       11.786588954151949
1.2049999999999963       11.844712132233033
1.2099999999999962       11.903140831489155
1.214999999999996       11.961876374854272
1.219999999999996       12.020920094909917
1.2249999999999959       12.080273333891634
1.2299999999999958       12.139937443695949
1.2349999999999957       12.199913785887908
1.2399999999999956       12.260203731709149
1.2449999999999954       12.320808662086565
1.2499999999999953       12.381729967641466
1.2549999999999952       12.442969048699345
1.2599999999999951       12.504527315300125
1.264999999999995       12.566406187209019
1.269999999999995       12.628607093927869
1.2749999999999948       12.69113147470708
1.2799999999999947       12.753980778558043
1.2849999999999946       12.817156464266136
1.2899999999999945       12.880660000404218
1.2949999999999944       12.944492865346712
1.2999999999999943       13.008656547284131
1.3049999999999942       13.07315254423824
1.309999999999994       13.137982364077637
1.314999999999994       13.203147524533927
1.3199999999999938       13.2686495532184
1.3249999999999937       13.334489987639222
1.3299999999999936       13.400670375219141
1.3349999999999935       13.467192273313712
1.3399999999999934       13.534057249230031
1.3449999999999933       13.601266880246
1.3499999999999932       13.668822753630057
1.354999999999993       13.736726466661468
1.359999999999993       13.804979626651068
1.3649999999999929       13.873583850962548
1.3699999999999928       13.942540767034211
1.3749999999999927       14.011852012401256
1.3799999999999926       14.081519234718513
1.3849999999999925       14.151544091783737
1.3899999999999924       14.221928251561325
1.3949999999999922       14.292673392206574
1.3999999999999921       14.363781202090385
1.404999999999992       14.435253379824518
1.409999999999992       14.50709163428724
1.4149999999999918       14.57929768464954
1.4199999999999917       14.651873260401763
1.4249999999999916       14.724820101380775
1.4299999999999915       14.798139957797554
1.4349999999999914       14.87183459026528
1.4399999999999913       14.945905769827915
1.4449999999999912       15.020355277989218
1.449999999999991       15.09518490674226
1.454999999999991       15.170396458599384
1.4599999999999909       15.245991746622654
1.4649999999999908       15.32197259445474
1.4699999999999906       15.39834083635029
1.4749999999999905       15.475098317207761
1.4799999999999904       15.552246892601689
1.4849999999999903       15.629788428815448
1.4899999999999902       15.707724802874427
1.4949999999999901       15.786057902579703
1.49999999999999       15.864789626542143
1.50499999999999       15.943921884216953
1.5099999999999898       16.023456595938704
1.5149999999999897       16.10339569295679
1.5199999999999896       16.183741117471307
1.5249999999999895       16.26449482266945
1.5299999999999894       16.345658772762278
1.5349999999999893       16.42723494302198
1.5399999999999892       16.509225319819542
1.544999999999989       16.591631900662893
1.549999999999989       16.67445669423546
1.5549999999999888       16.75770172043519
1.5599999999999887       16.841369010413974
1.5649999999999886       16.925460606617563
1.5699999999999885       17.00997856282586
1.5749999999999884       17.094924944193675
1.5799999999999883       17.180301827291945
1.5849999999999882       17.266111300149333
1.589999999999988       17.352355462294266
1.594999999999988       17.43903642479747
1.5999999999999879       17.52615631031485
1.6049999999999878       17.61371725313084
1.6099999999999877       17.7017213992022
1.6149999999999876       17.790170906202203
1.6199999999999875       17.879067943565275
1.6249999999999873       17.96841469253205
1.6299999999999872       18.058213346194865
1.6349999999999871       18.148466109543666
1.639999999999987       18.239175199512328
1.644999999999987       18.33034284502546
1.6499999999999868       18.421971287045537
1.6549999999999867       18.514062778620552
1.6599999999999866       18.60661958493202
1.6649999999999865       18.699643983343442
1.6699999999999864       18.793138263449194
1.6749999999999863       18.88710472712379
1.6799999999999862       18.981545688571646
1.684999999999986       19.07646347437718
1.689999999999986       19.171860423555405
1.6949999999999859       19.267738887602892
1.6999999999999857       19.364101230549178
1.7049999999999856       19.46094982900857
1.7099999999999855       19.558287072232435
1.7149999999999854       19.6561153621618
1.7199999999999853       19.754437113480485
1.7249999999999852       19.85325475366856
1.729999999999985       19.952570723056315
1.734999999999985       20.052387474878536
1.739999999999985       20.15270747532933
1.7449999999999848       20.253533203617245
1.7499999999999847       20.35486715202092
1.7549999999999846       20.456711825945053
1.7599999999999845       20.559069743976867
1.7649999999999844       20.661943437942963
1.7699999999999843       20.76533545296659
1.7749999999999841       20.869248347525353
1.779999999999984       20.97368469350929
1.784999999999984       21.07864707627948
1.7899999999999838       21.18413809472693
1.7949999999999837       21.29016036133198
1.7999999999999836       21.396716502224145
1.8049999999999835       21.50380915724225
1.8099999999999834       21.611440979995134
1.8149999999999833       21.719614637922728
1.8199999999999832       21.828332812357495
1.824999999999983       21.937598198586368
1.829999999999983       22.047413505913084
1.8349999999999829       22.157781457720965
1.8399999999999828       22.268704791536045
1.8449999999999827       22.380186259090767
1.8499999999999825       22.49222862638792
1.8549999999999824       22.60483467376517
1.8599999999999823       22.71800719595995
1.8649999999999822       22.831749002174725
1.8699999999999821       22.946062916142797
1.874999999999982       23.060951776194443
1.879999999999982       23.176418435323537
1.8849999999999818       23.292465761254554
1.8899999999999817       23.40909663651009
1.8949999999999816       23.52631395847872
1.8999999999999815       23.644120639483337
1.9049999999999814       23.7625196068499
1.9099999999999813       23.881513802976695
1.9149999999999812       24.001106185403877
1.919999999999981       24.121299726883638
1.924999999999981       24.242097415450637
1.9299999999999808       24.363502254492975
1.9349999999999807       24.485517262823603
1.9399999999999806       24.60814547475211
1.9449999999999805       24.731389940157
1.9499999999999804       24.855253724558423
1.9549999999999803       24.97973990919131
1.9599999999999802       25.104851591078933
1.96499999999998       25.230591883107024
1.96999999999998       25.3569639140982
1.9749999999999799       25.483970828886918
1.9799999999999798       25.611615788394857
1.9849999999999797       25.73990196970677
1.9899999999999796       25.868832566146732
1.9949999999999795       25.998410787354914
1.9999999999999793       26.12863985936474
2.0049999999999795       26.25952302468058
2.0099999999999794       26.391063542355777
2.0149999999999793       26.523264688071293
2.019999999999979       26.656129754214668
2.024999999999979       26.789662049959517
2.029999999999979       26.923864901345464
2.034999999999979       27.05874165135857
2.0399999999999787       27.194295660012152
2.0449999999999786       27.33053030442814
2.0499999999999785       27.467448978918924
2.0549999999999784       27.605055095069517
2.0599999999999783       27.743352081820383
2.064999999999978       27.86059109808834
2.069999999999978       27.86059109808834
2.074999999999978       27.86059109808834
2.079999999999978       27.86059109808834
2.0849999999999778       27.86059109808834
2.0899999999999777       27.86059109808834
2.0949999999999775       27.86059109808834
2.0999999999999774       27.86059109808834
2.1049999999999773       27.86059109808834
2.1099999999999772       27.86059109808834
2.114999999999977       27.86059109808834
2.119999999999977       27.86059109808834
2.124999999999977       27.86059109808834
2.129999999999977       27.86059109808834
2.1349999999999767       27.86059109808834
2.1399999999999766       27.86059109808834
2.1449999999999765       27.86059109808834
2.1499999999999764       27.86059109808834
2.1549999999999763       27.86059109808834
2.159999999999976       27.86059109808834
2.164999999999976       27.86059109808834
2.169999999999976       27.86059109808834
2.174999999999976       27.86059109808834
2.1799999999999757       27.86059109808834
2.1849999999999756       27.86059109808834
2.1899999999999755       27.86059109808834
2.1949999999999754       27.86059109808834
2.1999999999999753       27.86059109808834
2.204999999999975       27.86059109808834
2.209999999999975       27.86059109808834
2.214999999999975       27.86059109808834
2.219999999999975       27.86059109808834
2.2249999999999748       27.86059109808834
2.2299999999999747       27.86059109808834
2.2349999999999746       27.86059109808834
2.2399999999999745       27.86059109808834
2.2449999999999743       27.86059109808834
2.2499999999999742       27.86059109808834
2.254999999999974       27.86059109808834
2.259999999999974       27.86059109808834
2.264999999999974       27.86059109808834
2.269999999999974       27.86059109808834
2.2749999999999737       27.86059109808834
2.2799999999999736       27.86059109808834
2.2849999999999735       27.86059109808834
2.2899999999999734       27.86059109808834
2.2949999999999733       27.86059109808834
2.299999999999973       27.86059109808834
2.304999999999973       27.86059109808834
2.309999999999973       27.86059109808834
2.314999999999973       27.86059109808834
2.3199999999999728       27.86059109808834
2.3249999999999726       27.86059109808834
2.3299999999999725       27.86059109808834
2.3349999999999724       27.86059109808834
2.3399999999999723       27.86059109808834
2.344999999999972       27.86059109808834
2.349999999999972       27.86059109808834
2.354999999999972       27.86059109808834
2.359999999999972       27.86059109808834
2.364999999999972       27.86059109808834
2.3699999999999717       27.86059109808834
2.3749999999999716       27.86059109808834
2.3799999999999715       27.86059109808834
2.3849999999999714       27.86059109808834
2.3899999999999713       27.86059109808834
2.394999999999971       27.86059109808834
2.399999999999971       27.86059109808834
2.404999999999971       27.86059109808834
2.409999999999971       27.86059109808834
2.4149999999999707       27.86059109808834
2.4199999999999706       27.86059109808834
2.4249999999999705       27.86059109808834
2.4299999999999704       27.86059109808834
2.4349999999999703       27.86059109808834
2.43999999999997       27.86059109808834
2.44499999999997       27.86059109808834
2.44999999999997       27.86059109808834
2.45499999999997       27.86059109808834
2.4599999999999698       27.86059109808834
2.4649999999999697       27.86059109808834
2.4699999999999696       27.86059109808834
2.4749999999999694       27.86059109808834
2.4799999999999693       27.86059109808834
2.4849999999999692       27.86059109808834
2.489999999999969       27.86059109808834
2.494999999999969       27.86059109808834
2.499999999999969       27.86059109808834
2.504999999999969       27.86059109808834
2.5099999999999687       27.86059109808834
2.5149999999999686       27.86059109808834
2.5199999999999685       27.86059109808834
2.5249999999999684       27.86059109808834
2.5299999999999683       27.86059109808834
2.534999999999968       27.86059109808834
2.539999999999968       27.86059109808834
2.544999999999968       27.86059109808834
2.549999999999968       27.86059109808834
2.5549999999999677       27.86059109808834
2.5599999999999676       27.86059109808834
2.5649999999999675       27.86059109808834
2.5699999999999674       27.86059109808834
2.5749999999999673       27.86059109808834
2.579999999999967       27.86059109808834
2.584999999999967       27.86059109808834
2.589999999999967       27.86059109808834
2.594999999999967       27.86059109808834
2.599999999999967       27.86059109808834
2.6049999999999667       27.86059109808834
2.6099999999999666       27.86059109808834
2.6149999999999665       27.86059109808834
2.6199999999999664       27.86059109808834
2.6249999999999662       27.86059109808834
2.629999999999966       27.86059109808834
2.634999999999966       27.86059109808834
2.639999999999966       27.86059109808834
2.644999999999966       27.86059109808834
2.6499999999999657       27.86059109808834
2.6549999999999656       27.86059109808834
2.6599999999999655       27.86059109808834
2.6649999999999654       27.86059109808834
2.6699999999999653       27.86059109808834
2.674999999999965       27.86059109808834
2.679999999999965       27.86059109808834
2.684999999999965       27.86059109808834
2.689999999999965       27.86059109808834
2.6949999999999648       27.86059109808834
2.6999999999999647       27.86059109808834
2.7049999999999645       27.86059109808834
2.7099999999999644       27.86059109808834
2.7149999999999643       27.86059109808834
2.7199999999999642       27.86059109808834
2.724999999999964       27.86059109808834
2.729999999999964       27.86059109808834
2.734999999999964       27.86059109808834
2.739999999999964       27.86059109808834
2.7449999999999637       27.86059109808834
2.7499999999999636       27.86059109808834
2.7549999999999635       27.86059109808834
2.7599999999999634       27.86059109808834
2.7649999999999633       27.86059109808834
2.769999999999963       27.86059109808834
2.774999999999963       27.86059109808834
2.779999999999963       27.86059109808834
2.784999999999963       27.86059109808834
2.7899999999999627       27.86059109808834
2.7949999999999626       27.86059109808834
2.7999999999999625       27.86059109808834
2.8049999999999624       27.86059109808834
2.8099999999999623       27.86059109808834
2.814999999999962       27.86059109808834
2.819999999999962       27.86059109808834
2.824999999999962       27.86059109808834
2.829999999999962       27.86059109808834
2.8349999999999618       27.86059109808834
2.8399999999999617       27.86059109808834
2.8449999999999616       27.86059109808834
2.8499999999999615       27.86059109808834
2.8549999999999613       27.86059109808834
2.8599999999999612       27.86059109808834
2.864999999999961       27.86059109808834
2.869999999999961       27.86059109808834
2.874999999999961       27.86059109808834
2.879999999999961       27.86059109808834
2.8849999999999607       27.86059109808834
2.8899999999999606       27.86059109808834
2.8949999999999605       27.86059109808834
2.8999999999999604       27.86059109808834
2.9049999999999603       27.86059109808834
2.90999999999996       27.86059109808834
2.91499999999996       27.86059109808834
2.91999999999996       27.86059109808834
2.92499999999996       27.86059109808834
2.9299999999999597       27.86059109808834
2.9349999999999596       27.86059109808834
2.9399999999999595       27.86059109808834
2.9449999999999594       27.86059109808834
2.9499999999999593       27.86059109808834
2.954999999999959       27.86059109808834
2.959999999999959       27.86059109808834
2.964999999999959       27.86059109808834
2.969999999999959       27.86059109808834
2.974999999999959       27.86059109808834
2.9799999999999587       27.86059109808834
2.9849999999999586       27.86059109808834
2.9899999999999585       27.86059109808834
2.9949999999999584       27.86059109808834
2.9999999999999583       27.86059109808834
3.004999999999958       27.86059109808834
3.009999999999958       27.86059109808834
3.014999999999958       27.86059109808834
3.019999999999958       27.86059109808834
3.0249999999999577       27.86059109808834
3.0299999999999576       27.86059109808834
3.0349999999999575       27.86059109808834
3.0399999999999574       27.86059109808834
3.0449999999999573       27.86059109808834
3.049999999999957       27.86059109808834
3.054999999999957       27.86059109808834
3.059999999999957       27.86059109808834
3.064999999999957       27.86059109808834
3.0699999999999568       27.86059109808834
3.0749999999999567       27.86059109808834
3.0799999999999566       27.86059109808834
3.0849999999999564       27.86059109808834
3.0899999999999563       27.86059109808834
3.0949999999999562       27.86059109808834
3.099999999999956       27.86059109808834
3.104999999999956       27.86059109808834
3.109999999999956       27.86059109808834
3.114999999999956       27.86059109808834
3.1199999999999557       27.86059109808834
3.1249999999999556       27.86059109808834
3.1299999999999555       27.86059109808834
3.1349999999999554       27.86059109808834
3.1399999999999553       27.86059109808834
3.144999999999955       27.86059109808834
3.149999999999955       27.86059109808834
3.154999999999955       27.86059109808834
3.159999999999955       27.86059109808834
3.1649999999999547       27.86059109808834
3.1699999999999546       27.86059109808834
3.1749999999999545       27.86059109808834
3.1799999999999544       27.86059109808834
3.1849999999999543       27.86059109808834
3.189999999999954       27.86059109808834
3.194999999999954       27.86059109808834
3.199999999999954       27.86059109808834
3.204999999999954       27.86059109808834
3.209999999999954       27.86059109808834
3.2149999999999537       27.86059109808834
3.2199999999999536       27.86059109808834
3.2249999999999535       27.86059109808834
3.2299999999999534       27.86059109808834
3.2349999999999532       27.86059109808834
3.239999999999953       27.86059109808834
3.244999999999953       27.86059109808834
3.249999999999953       27.86059109808834
3.254999999999953       27.86059109808834
3.2599999999999527       27.86059109808834
3.2649999999999526       27.86059109808834
3.2699999999999525       27.86059109808834
3.2749999999999524       27.86059109808834
3.2799999999999523       27.86059109808834
3.284999999999952       27.86059109808834
3.289999999999952       27.86059109808834
3.294999999999952       27.86059109808834
3.299999999999952       27.86059109808834
3.3049999999999518       27.86059109808834
3.3099999999999516       27.86059109808834
3.3149999999999515       27.86059109808834
3.3199999999999514       27.86059109808834
3.3249999999999513       27.86059109808834
3.329999999999951       27.86059109808834
3.334999999999951       27.86059109808834
3.339999999999951       27.86059109808834
3.344999999999951       27.86059109808834
3.349999999999951       27.86059109808834
3.3549999999999507       27.86059109808834
3.3599999999999506       27.86059109808834
3.3649999999999505       27.86059109808834
3.3699999999999504       27.86059109808834
3.3749999999999503       27.86059109808834
3.37999999999995       27.86059109808834
3.38499999999995       27.86059109808834
3.38999999999995       27.86059109808834
3.39499999999995       27.86059109808834
3.3999999999999497       27.86059109808834
3.4049999999999496       27.86059109808834
3.4099999999999495       27.86059109808834
3.4149999999999494       27.86059109808834
3.4199999999999493       27.86059109808834
3.424999999999949       27.86059109808834
3.429999999999949       27.86059109808834
3.434999999999949       27.86059109808834
3.439999999999949       27.86059109808834
3.4449999999999488       27.86059109808834
3.4499999999999487       27.86059109808834
3.4549999999999486       27.86059109808834
3.4599999999999485       27.86059109808834
3.4649999999999483       27.86059109808834
3.4699999999999482       27.86059109808834
3.474999999999948       27.86059109808834
3.479999999999948       27.86059109808834
3.484999999999948       27.86059109808834
3.489999999999948       27.86059109808834
3.4949999999999477       27.86059109808834
3.4999999999999476       27.86059109808834
3.5049999999999475       27.86059109808834
3.5099999999999474       27.86059109808834
3.5149999999999473       27.86059109808834
3.519999999999947       27.86059109808834
3.524999999999947       27.86059109808834
3.529999999999947       27.86059109808834
3.534999999999947       27.86059109808834
3.5399999999999467       27.86059109808834
3.5449999999999466       27.86059109808834
3.5499999999999465       27.86059109808834
3.5549999999999464       27.86059109808834
3.5599999999999463       27.86059109808834
3.564999999999946       27.86059109808834
3.569999999999946       27.86059109808834
3.574999999999946       27.86059109808834
3.579999999999946       27.86059109808834
3.584999999999946       27.86059109808834
3.5899999999999457       27.86059109808834
3.5949999999999456       27.86059109808834
3.5999999999999455       27.86059109808834
3.6049999999999454       27.86059109808834
3.6099999999999453       27.86059109808834
3.614999999999945       27.86059109808834
3.619999999999945       27.86059109808834
3.624999999999945       27.86059109808834
3.629999999999945       27.86059109808834
3.6349999999999447       27.86059109808834
3.6399999999999446       27.86059109808834
3.6449999999999445       27.86059109808834
3.6499999999999444       27.86059109808834
3.6549999999999443       27.86059109808834
3.659999999999944       27.86059109808834
3.664999999999944       27.86059109808834
3.669999999999944       27.86059109808834
3.674999999999944       27.86059109808834
3.6799999999999438       27.86059109808834
3.6849999999999437       27.86059109808834
3.6899999999999435       27.86059109808834
3.6949999999999434       27.86059109808834
3.6999999999999433       27.86059109808834
3.7049999999999432       27.86059109808834
3.709999999999943       27.86059109808834
3.714999999999943       27.86059109808834
3.719999999999943       27.86059109808834
3.724999999999943       27.86059109808834
3.7299999999999427       27.86059109808834
3.7349999999999426       27.86059109808834
3.7399999999999425       27.86059109808834
3.7449999999999424       27.86059109808834
3.7499999999999423       27.86059109808834
3.754999999999942       27.86059109808834
3.759999999999942       27.86059109808834
3.764999999999942       27.86059109808834
3.769999999999942       27.86059109808834
3.7749999999999417       27.86059109808834
3.7799999999999416       27.86059109808834
3.7849999999999415       27.86059109808834
3.7899999999999414       27.86059109808834
3.7949999999999413       27.86059109808834
3.799999999999941       27.86059109808834
3.804999999999941       27.86059109808834
3.809999999999941       27.86059109808834
3.814999999999941       27.86059109808834
3.8199999999999408       27.86059109808834
3.8249999999999407       27.86059109808834
3.8299999999999406       27.86059109808834
3.8349999999999405       27.86059109808834
3.8399999999999403       27.86059109808834
3.8449999999999402       27.86059109808834
3.84999999999994       27.86059109808834
3.85499999999994       27.86059109808834
3.85999999999994       27.86059109808834
3.86499999999994       27.86059109808834
3.8699999999999397       27.86059109808834
3.8749999999999396       27.86059109808834
3.8799999999999395       27.86059109808834
3.8849999999999394       27.86059109808834
3.8899999999999393       27.86059109808834
3.894999999999939       27.86059109808834
3.899999999999939       27.86059109808834
3.904999999999939       27.86059109808834
3.909999999999939       27.86059109808834
3.9149999999999388       27.86059109808834
3.9199999999999386       27.86059109808834
3.9249999999999385       27.86059109808834
3.9299999999999384       27.86059109808834
3.9349999999999383       27.86059109808834
3.939999999999938       27.86059109808834
3.944999999999938       27.86059109808834
3.949999999999938       27.86059109808834
3.954999999999938       27.86059109808834
3.959999999999938       27.86059109808834
3.9649999999999377       27.86059109808834
3.9699999999999376       27.86059109808834
3.9749999999999375       27.86059109808834
3.9799999999999374       27.86059109808834
3.9849999999999373       27.86059109808834
3.989999999999937       27.86059109808834
3.994999999999937       27.86059109808834
3.999999999999937       27.86059109808834
4.004999999999937       27.86059109808834
4.009999999999937       27.86059109808834
4.014999999999937       27.86059109808834
4.0199999999999365       27.86059109808834
4.024999999999936       27.86059109808834
4.029999999999936       27.86059109808834
4.034999999999936       27.86059109808834
4.039999999999936       27.86059109808834
4.044999999999936       27.86059109808834
4.049999999999936       27.86059109808834
4.054999999999936       27.86059109808834
4.059999999999936       27.86059109808834
4.0649999999999356       27.86059109808834
4.0699999999999354       27.86059109808834
4.074999999999935       27.86059109808834
4.079999999999935       27.86059109808834
4.084999999999935       27.86059109808834
4.089999999999935       27.86059109808834
4.094999999999935       27.86059109808834
4.099999999999935       27.86059109808834
4.104999999999935       27.86059109808834
4.109999999999935       27.86059109808834
4.1149999999999345       27.86059109808834
4.119999999999934       27.86059109808834
4.124999999999934       27.86059109808834
4.129999999999934       27.86059109808834
4.134999999999934       27.86059109808834
4.139999999999934       27.86059109808834
4.144999999999934       27.86059109808834
4.149999999999934       27.86059109808834
4.154999999999934       27.86059109808834
4.1599999999999335       27.86059109808834
4.164999999999933       27.86059109808834
4.169999999999933       27.86059109808834
4.174999999999933       27.86059109808834
4.179999999999933       27.86059109808834
4.184999999999933       27.86059109808834
4.189999999999933       27.86059109808834
4.194999999999933       27.86059109808834
4.199999999999933       27.86059109808834
4.204999999999933       27.86059109808834
4.2099999999999325       27.86059109808834
4.214999999999932       27.86059109808834
4.219999999999932       27.86059109808834
4.224999999999932       27.86059109808834
4.229999999999932       27.86059109808834
4.234999999999932       27.86059109808834
4.239999999999932       27.86059109808834
4.244999999999932       27.86059109808834
4.249999999999932       27.86059109808834
4.2549999999999315       27.86059109808834
4.259999999999931       27.86059109808834
4.264999999999931       27.86059109808834
4.269999999999931       27.86059109808834
4.274999999999931       27.86059109808834
4.279999999999931       27.86059109808834
4.284999999999931       27.86059109808834
4.289999999999931       27.86059109808834
4.294999999999931       27.86059109808834
4.2999999999999305       27.86059109808834
4.30499999999993       27.86059109808834
4.30999999999993       27.86059109808834
4.31499999999993       27.86059109808834
4.31999999999993       27.86059109808834
4.32499999999993       27.86059109808834
4.32999999999993       27.86059109808834
4.33499999999993       27.86059109808834
4.33999999999993       27.86059109808834
4.34499999999993       27.86059109808834
4.3499999999999295       27.86059109808834
4.354999999999929       27.86059109808834
4.359999999999929       27.86059109808834
4.364999999999929       27.86059109808834
4.369999999999929       27.86059109808834
4.374999999999929       27.86059109808834
4.379999999999929       27.86059109808834
4.384999999999929       27.86059109808834
4.389999999999929       27.86059109808834
4.3949999999999285       27.86059109808834
4.399999999999928       27.86059109808834
4.404999999999928       27.86059109808834
4.409999999999928       27.86059109808834
4.414999999999928       27.86059109808834
4.419999999999928       27.86059109808834
4.424999999999928       27.86059109808834
4.429999999999928       27.86059109808834
4.434999999999928       27.86059109808834
4.439999999999928       27.86059109808834
4.4449999999999275       27.86059109808834
4.449999999999927       27.86059109808834
4.454999999999927       27.86059109808834
4.459999999999927       27.86059109808834
4.464999999999927       27.86059109808834
4.469999999999927       27.86059109808834
4.474999999999927       27.86059109808834
4.479999999999927       27.86059109808834
4.484999999999927       27.86059109808834
4.4899999999999265       27.86059109808834
4.494999999999926       27.86059109808834
4.499999999999926       27.86059109808834
4.504999999999926       27.86059109808834
4.509999999999926       27.86059109808834
4.514999999999926       27.86059109808834
4.519999999999926       27.86059109808834
4.524999999999926       27.86059109808834
4.529999999999926       27.86059109808834
4.5349999999999255       27.86059109808834
4.539999999999925       27.86059109808834
4.544999999999925       27.86059109808834
4.549999999999925       27.86059109808834
4.554999999999925       27.86059109808834
4.559999999999925       27.86059109808834
4.564999999999925       27.86059109808834
4.569999999999925       27.86059109808834
4.574999999999925       27.86059109808834
4.579999999999925       27.86059109808834
4.5849999999999245       27.86059109808834
4.589999999999924       27.86059109808834
4.594999999999924       27.86059109808834
4.599999999999924       27.86059109808834
4.604999999999924       27.86059109808834
4.609999999999924       27.86059109808834
4.614999999999924       27.86059109808834
4.619999999999924       27.86059109808834
4.624999999999924       27.86059109808834
4.6299999999999235       27.86059109808834
4.634999999999923       27.86059109808834
4.639999999999923       27.86059109808834
4.644999999999923       27.86059109808834
4.649999999999923       27.86059109808834
4.654999999999923       27.86059109808834
4.659999999999923       27.86059109808834
4.664999999999923       27.86059109808834
4.669999999999923       27.86059109808834
4.6749999999999226       27.86059109808834
4.6799999999999224       27.86059109808834
4.684999999999922       27.86059109808834
4.689999999999922       27.86059109808834
4.694999999999922       27.86059109808834
4.699999999999922       27.86059109808834
4.704999999999922       27.86059109808834
4.709999999999922       27.86059109808834
4.714999999999922       27.86059109808834
4.719999999999922       27.86059109808834
4.7249999999999215       27.86059109808834
4.729999999999921       27.86059109808834
4.734999999999921       27.86059109808834
4.739999999999921       27.86059109808834
4.744999999999921       27.86059109808834
4.749999999999921       27.86059109808834
4.754999999999921       27.86059109808834
4.759999999999921       27.86059109808834
4.764999999999921       27.86059109808834
4.7699999999999205       27.86059109808834
4.77499999999992       27.86059109808834
4.77999999999992       27.86059109808834
4.78499999999992       27.86059109808834
4.78999999999992       27.86059109808834
4.79499999999992       27.86059109808834
4.79999999999992       27.86059109808834
4.80499999999992       27.86059109808834
4.80999999999992       27.86059109808834
4.81499999999992       27.86059109808834
4.8199999999999195       27.86059109808834
4.824999999999919       27.86059109808834
4.829999999999919       27.86059109808834
4.834999999999919       27.86059109808834
4.839999999999919       27.86059109808834
4.844999999999919       27.86059109808834
4.849999999999919       27.86059109808834
4.854999999999919       27.86059109808834
4.859999999999919       27.86059109808834
4.8649999999999185       27.86059109808834
4.869999999999918       27.86059109808834
4.874999999999918       27.86059109808834
4.879999999999918       27.86059109808834
4.884999999999918       27.86059109808834
4.889999999999918       27.86059109808834
4.894999999999918       27.86059109808834
4.899999999999918       27.86059109808834
4.904999999999918       27.86059109808834
4.9099999999999175       27.86059109808834
4.914999999999917       27.86059109808834
4.919999999999917       27.86059109808834
4.924999999999917       27.86059109808834
4.929999999999917       27.86059109808834
4.934999999999917       27.86059109808834
4.939999999999917       27.86059109808834
4.944999999999917       27.86059109808834
4.949999999999917       27.86059109808834
4.954999999999917       27.86059109808834
4.9599999999999165       27.86059109808834
4.964999999999916       27.86059109808834
4.969999999999916       27.86059109808834
4.974999999999916       27.86059109808834
4.979999999999916       27.86059109808834
4.984999999999916       27.86059109808834
4.989999999999916       27.86059109808834
4.994999999999916       27.86059109808834
4.999999999999916       27.86059109808834
5.0049999999999155       27.86059109808834
5.009999999999915       27.86059109808834
5.014999999999915       27.86059109808834
5.019999999999915       27.86059109808834
5.024999999999915       27.86059109808834
5.029999999999915       27.86059109808834
5.034999999999915       27.86059109808834
5.039999999999915       27.86059109808834
5.044999999999915       27.86059109808834
5.049999999999915       27.86059109808834
5.0549999999999145       27.86059109808834
5.059999999999914       27.86059109808834
5.064999999999914       27.86059109808834
5.069999999999914       27.86059109808834
5.074999999999914       27.86059109808834
5.079999999999914       27.86059109808834
5.084999999999914       27.86059109808834
5.089999999999914       27.86059109808834
5.094999999999914       27.86059109808834
5.0999999999999135       27.86059109808834
5.104999999999913       27.86059109808834
5.109999999999913       27.86059109808834
5.114999999999913       27.86059109808834
5.119999999999913       27.86059109808834
5.124999999999913       27.86059109808834
5.129999999999913       27.86059109808834
5.134999999999913       27.86059109808834
5.139999999999913       27.86059109808834
5.1449999999999125       27.86059109808834
5.149999999999912       27.86059109808834
5.154999999999912       27.86059109808834
5.159999999999912       27.86059109808834
5.164999999999912       27.86059109808834
5.169999999999912       27.86059109808834
5.174999999999912       27.86059109808834
5.179999999999912       27.86059109808834
5.184999999999912       27.86059109808834
5.189999999999912       27.86059109808834
5.1949999999999115       27.86059109808834
5.199999999999911       27.86059109808834
5.204999999999911       27.86059109808834
5.209999999999911       27.86059109808834
5.214999999999911       27.86059109808834
5.219999999999911       27.86059109808834
5.224999999999911       27.86059109808834
5.229999999999911       27.86059109808834
5.234999999999911       27.86059109808834
5.2399999999999105       27.86059109808834
5.24499999999991       27.86059109808834
5.24999999999991       27.86059109808834
5.25499999999991       27.86059109808834
5.25999999999991       27.86059109808834
5.26499999999991       27.86059109808834
5.26999999999991       27.86059109808834
5.27499999999991       27.86059109808834
5.27999999999991       27.86059109808834
5.2849999999999095       27.86059109808834
5.289999999999909       27.86059109808834
5.294999999999909       27.86059109808834
5.299999999999909       27.86059109808834
5.304999999999909       27.86059109808834
5.309999999999909       27.86059109808834
5.314999999999909       27.86059109808834
5.319999999999909       27.86059109808834
5.324999999999909       27.86059109808834
5.329999999999909       27.86059109808834
5.3349999999999085       27.86059109808834
5.339999999999908       27.86059109808834
5.344999999999908       27.86059109808834
5.349999999999908       27.86059109808834
5.354999999999908       27.86059109808834
5.359999999999908       27.86059109808834
5.364999999999908       27.86059109808834
5.369999999999908       27.86059109808834
5.374999999999908       27.86059109808834
5.3799999999999075       27.86059109808834
5.384999999999907       27.86059109808834
5.389999999999907       27.86059109808834
5.394999999999907       27.86059109808834
5.399999999999907       27.86059109808834
5.404999999999907       27.86059109808834
5.409999999999907       27.86059109808834
5.414999999999907       27.86059109808834
5.419999999999907       27.86059109808834
5.424999999999907       27.86059109808834
5.4299999999999065       27.86059109808834
5.434999999999906       27.86059109808834
5.439999999999906       27.86059109808834
5.444999999999906       27.86059109808834
5.449999999999906       27.86059109808834
5.454999999999906       27.86059109808834
5.459999999999906       27.86059109808834
5.464999999999906       27.86059109808834
5.469999999999906       27.86059109808834
5.4749999999999055       27.86059109808834
5.479999999999905       27.86059109808834
5.484999999999905       27.86059109808834
5.489999999999905       27.86059109808834
5.494999999999905       27.86059109808834
5.499999999999905       27.86059109808834
5.504999999999905       27.86059109808834
5.509999999999905       27.86059109808834
5.514999999999905       27.86059109808834
5.5199999999999045       27.86059109808834
5.524999999999904       27.86059109808834
5.529999999999904       27.86059109808834
5.534999999999904       27.86059109808834
5.539999999999904       27.86059109808834
5.544999999999904       27.86059109808834
5.549999999999904       27.86059109808834
5.554999999999904       27.86059109808834
5.559999999999904       27.86059109808834
5.564999999999904       27.86059109808834
5.5699999999999035       27.86059109808834
5.574999999999903       27.86059109808834
5.579999999999903       27.86059109808834
5.584999999999903       27.86059109808834
5.589999999999903       27.86059109808834
5.594999999999903       27.86059109808834
5.599999999999903       27.86059109808834
5.604999999999903       27.86059109808834
5.609999999999903       27.86059109808834
5.6149999999999025       27.86059109808834
5.619999999999902       27.86059109808834
5.624999999999902       27.86059109808834
5.629999999999902       27.86059109808834
5.634999999999902       27.86059109808834
5.639999999999902       27.86059109808834
5.644999999999902       27.86059109808834
5.649999999999902       27.86059109808834
5.654999999999902       27.86059109808834
5.6599999999999016       27.86059109808834
5.6649999999999014       27.86059109808834
5.669999999999901       27.86059109808834
5.674999999999901       27.86059109808834
5.679999999999901       27.86059109808834
5.684999999999901       27.86059109808834
5.689999999999901       27.86059109808834
5.694999999999901       27.86059109808834
5.699999999999901       27.86059109808834
5.704999999999901       27.86059109808834
5.7099999999999005       27.86059109808834
5.7149999999999       27.86059109808834
5.7199999999999       27.86059109808834
5.7249999999999       27.86059109808834
5.7299999999999       27.86059109808834
5.7349999999999       27.86059109808834
5.7399999999999       27.86059109808834
5.7449999999999       27.86059109808834
5.7499999999999       27.86059109808834
5.7549999999998995       27.86059109808834
5.759999999999899       27.86059109808834
5.764999999999899       27.86059109808834
5.769999999999899       27.86059109808834
5.774999999999899       27.86059109808834
5.779999999999899       27.86059109808834
5.784999999999899       27.86059109808834
5.789999999999899       27.86059109808834
5.794999999999899       27.86059109808834
5.799999999999899       27.86059109808834
5.8049999999998985       27.86059109808834
5.809999999999898       27.86059109808834
5.814999999999898       27.86059109808834
5.819999999999898       27.86059109808834
5.824999999999898       27.86059109808834
5.829999999999898       27.86059109808834
5.834999999999898       27.86059109808834
5.839999999999898       27.86059109808834
5.844999999999898       27.86059109808834
5.8499999999998975       27.86059109808834
5.854999999999897       27.86059109808834
5.859999999999897       27.86059109808834
5.864999999999897       27.86059109808834
5.869999999999897       27.86059109808834
5.874999999999897       27.86059109808834
5.879999999999897       27.86059109808834
5.884999999999897       27.86059109808834
5.889999999999897       27.86059109808834
5.8949999999998965       27.86059109808834
5.899999999999896       27.86059109808834
5.904999999999896       27.86059109808834
5.909999999999896       27.86059109808834
5.914999999999896       27.86059109808834
5.919999999999896       27.86059109808834
5.924999999999896       27.86059109808834
5.929999999999896       27.86059109808834
5.934999999999896       27.86059109808834
5.939999999999896       27.86059109808834
5.9449999999998955       27.86059109808834
5.949999999999895       27.86059109808834
5.954999999999895       27.86059109808834
5.959999999999895       27.86059109808834
5.964999999999895       27.86059109808834
5.969999999999895       27.86059109808834
5.974999999999895       27.86059109808834
5.979999999999895       27.86059109808834
5.984999999999895       27.86059109808834
5.9899999999998945       27.86059109808834
5.994999999999894       27.86059109808834
5.999999999999894       27.86059109808834
6.004999999999894       27.86059109808834
