4.999999999967448      0.01250002604165039
4.999999999479166      0.025000208332812496
4.999999997363282      0.037500703121044913
4.999999991666667      0.05000166664999993
4.999999979654949      0.06250325515747034
4.999999957812499      0.07500562487343614
4.999999921842448      0.08750893201811126
4.999999866666666      0.10001333279998985
4.999999786425781      0.11251898341389283
4.9999996744791675      0.12502604003901407
4.9999995234049495      0.13753465883696617
4.999999325000001      0.1500449959498264
4.99999907027995      0.16255720749818237
4.999998749479171      0.17507144957917686
4.99999835205079      0.18758787826455325
4.999997866666679      0.20010664959869973
4.9999972812174684      0.212627919596694
4.999996582812534      0.22515184424234705
4.999995757779998      0.2376785794862465
4.999994791666745      0.2502082812438001
4.999993669238396      0.2627411053932781
4.999992374479333      0.2752772077738557
4.999990890592685      0.2878167441836549
4.999989200000333      0.30035987037778517
4.99998728434291      0.3129067420663848
4.999985124479799      0.32545751491266056
4.999982700489135      0.33801234453092766
4.999979991667811      0.3505713864846485
4.999976976531462      0.36313479628447043
4.999973632814487      0.3757027293862646
4.99996993747003      0.3882753411891617
4.999965866669996      0.4008527870335892
4.999961395805038      0.41343522219930573
4.999956499484574      0.4260228019034375
4.999951151536766      0.4386156812985105
4.999945325008541      0.4512140154704849
4.999938992165582      0.46381795943678694
4.99993212449233      0.47642766814434073
4.999924692691986      0.48904329646759837
4.999916666686508      0.5016649992065699
4.999908015616622      0.5142929310848527
4.999898707841815      0.5269272467476585
4.9998887109403345      0.5395681007598404
4.999877991709198      0.5522156476039194
4.9998665161641895      0.5648700416781084
4.999854249539862      0.5775314372943368
4.999841156289538      0.5901999886762723
4.9998272000853135      0.6028758499573439
4.9998123438180615      0.615559175178761
4.999796549597429      0.6282501182875339
4.999779778751845      0.6409488331344914
4.999761991828517      0.6536554734722978
4.999743148593442      0.6663701929534694
4.999723208031397      0.6790931451283883
4.999702128345955      0.6918244834433159
4.999679866959482      0.7045643612384058
4.999656380513136      0.7173129317457128
4.999631624866882      0.730070348087204
4.999605555099483      0.7428367632727658
4.99957812550851      0.7556123301982113
4.999549289610349      0.7683972016432843
4.999519000140199      0.7811915302696648
4.999487209052081      0.7939954686189701
4.9994538675188425      0.8068091691107561
4.999418925932157      0.8196327840405165
4.9993823339025365      0.832466465577681
4.9993440402593325      0.8453103657636115
4.999303993050745      0.8581646365095966
4.999262139543825      0.871029429594845
4.999218426224481      0.8839048966644765
4.99917279879749      0.8967911892275128
4.9991252021865      0.9096884586548649
4.999075580534035      0.92259685617732
4.999023877201512      0.9355165328835263
4.998970034769235      0.9484476397179755
4.998913995036419      0.9613903274789849
4.998855699021184      0.9743447468166768
4.9987950869605715      0.9873110482309555
4.998732098310549      1.0002893820694834
4.998666671746029      1.013279898525656
4.998598745160867      1.0262827476365728
4.9985282556678765      1.0392980792810078
4.9984551395988435      1.0523260431773787
4.9983793325045305      1.0653667888817118
4.998300769154695      1.0784204657856076
4.998219383538094      1.0914872231142025
4.998135108862506      1.1045672099241295
4.998047877554728      1.1176605751014759
4.997957621260609      1.1307674673597408
4.997864270845044      1.1438880352377876
4.997767756392007      1.1570224270977982
4.997668007204546      1.1701707911232202
4.997564951804815      1.183333275316717
4.997458517934076      1.196510027498112
4.997348632552729      1.2097011953023322
4.997235221840316      1.2229069261773509
4.997118211195544      1.2361273673821234
4.9969975252363055      1.2493626659845265
4.9968730877996865      1.2626129688592915
4.996744821942002      1.2758784226859365
4.996612649938796      1.2891591739466952
4.996476493284876      1.3024553689244458
4.996336272694331      1.315767153700635
4.996191908100545      1.3290946741531995
4.996043318656227      1.3424380759544874
4.995890422733435      1.3557975045691761
4.995733137923589      1.3691731052521856
4.9955713810375055      1.3825650230465931
4.995405068105417      1.3959734027815411
4.995234114376997      1.4093983890701463
4.995058434321387      1.4228401263074042
4.994877941627225      1.4362987586680909
4.994692549202671      1.4497744301046642
4.994502169175432      1.4632672843451595
4.9943067128928      1.4767774648910836
4.994106090921671      1.4903051150153082
4.993900213048585      1.5038503777599583
4.993688988279748      1.517413395934297
4.993472324841076      1.5309943121126122
4.993250130178217      1.5445932686320938
4.9930223109565866      1.5582104075907135
4.9927887730614104      1.5718458708451013
4.992549421597753      1.5854998000084153
4.992304160890552      1.5991723364482116
4.992052894484667      1.612863621284313
4.9917955251449015      1.6265737953866692
4.9915319548560575      1.6403029993732214
4.991262084822966      1.6540513736077571
4.990985815470531      1.667819058197766
4.990703046443775      1.6816061929922925
4.990413676607875      1.6954129175797823
4.990117604048216      1.7092393712859317
4.989814726070422      1.7230856931715255
4.989504939200425      1.736952022030282
4.989188139184485      1.750838496386686
4.98886422098926      1.7647452544938216
4.988533078801845      1.7786724343312055
4.988194606029827      1.792620173602612
4.987848695301332      1.8065886097338972
4.987495238465082      1.8205778798708196
4.9871341265904485      1.834588120876858
4.986765249967508      1.8486194693310254
4.986388498107096      1.8626720615256795
4.986003759740863      1.8767460334643302
4.985610922821344      1.890841520859446
4.985209874522006      1.904958659130252
4.984800501237313      1.9190975834005284
4.984382688582795      1.9332584284964056
4.983956321395104      1.9474413289441554
4.983521283732085      1.9616464189679756
4.983077458872835      1.9758738324877767
4.98262472931778      1.9901237031169619
4.982162976788742      2.004396164160202
4.981692082229004      2.018691348611211
4.981211925803389      2.033009389150517
4.980722386898328      2.0473504181432243
4.98022334412194      2.0617145676367805
4.979714675304111      2.076101969358735
4.979196257496555      2.090512754714491
4.978667966972919      2.104947054785062
4.978129679228843      2.1194050003248184
4.9775812689820516      2.133886721759231
4.97702261017244      2.1483923491826142
4.9764535759621555      2.162922012355861
4.97587403873568      2.1774758407041768
4.975283870099934      2.1920539633148115
4.974682940884351      2.2066565089347834
4.974071121140982      2.221283605968601
4.97344828014458      2.2359353824759824
4.9728142863927      2.2506119661695694
4.972169007605799      2.265313484412638
4.971512310727328      2.2800400642168066
4.970844061923841      2.2947918322397367
4.97016412658509      2.3095689147828327
4.9694723693241345      2.3243714377889373
4.968768653977449      2.339199526840024
4.968052843605021      2.3540533071548797
4.967324800490474      2.368932903586793
4.966584386141174      2.3838384406212296
4.96583146128834      2.39877004237351
4.965065885887161      2.413727832586478
4.964287519116921      2.4287119346281703
4.963496219381106      2.4437224714894765
4.96269184430754      2.4587595657818007
4.961874250748495      2.473823339734713
4.961043294780822      2.488913915193603
4.960198831706085      2.504031413617324
4.959340716050684      2.5191759560758364
4.958468801565982      2.534347663247844
4.9575829412284556      2.549546655418431
4.95668298723981      2.564773052476686
4.955768791027136      2.58002697391333
4.954840203243044      2.595308538818342
4.953897073765799      2.6106178658785666
4.952939251699478      2.6259550733753323
4.951966585374111      2.6413202791820583
4.95097892234583      2.6567136007618566
4.949976109397023      2.6721351551651322
4.948957992536493      2.68758505902718
4.9479244169996      2.7030634285657693
4.946875227248436      2.7185703795787357
4.945810266971983      2.734106027441562
4.944729379086265      2.74967048710495
4.943632405734535      2.765263873092401
4.94251918828742      2.780886299497774
4.941389567343116      2.79653787998286
4.940243382727543      2.8122187277749324
4.939080473494535      2.8279289556643072
4.937900677926008      2.843668676001888
4.936703833532153      2.859438000696717
4.935489777051608      2.8752370412135075
4.934258344451657      2.89106590857019
4.933009370928411      2.9069247133354343
4.931742690907006      2.922813565626184
4.930458138041794      2.9387325751051736
4.929155545216541      2.954681850978444
4.927834744544633      2.970661501992864
4.926495567369273      2.9866716364336274
4.925137844263694      3.002712362121765
4.92376140503136      3.0187837864116376
4.922366078706187      3.034886016188432
4.920951693552748      3.0510191578656483
4.919518077066504      3.0671833173825873
4.918065055974013      3.083378600201823
4.91659245623316      3.0996051113066856
4.915100103033383      3.1158629551987245
4.913587820795901      3.1321522358951737
4.912055433173954      3.148473056926416
4.91050276305303      3.1648255213334324
4.908929632551109      3.1812097316652532
4.907335863018909      3.1976257899764082
4.905721275040125      3.214073797824357
4.904085688431681      3.2305538562669325
4.902428922243986      3.247066065859767
4.900750794761183      3.2636105266537188
4.899051123501411      3.280187338192289
4.89732972521707      3.296796599509041
4.8955864158950835      3.3134384091250078
4.893821010757164      3.330112865046096
4.892033324260092      3.346820064760485
4.890223170095989      3.3635601052360284
4.888390361192597      3.380333082917635
4.886534709713559      3.397139093724654
4.884656027058713      3.413978233048262
4.882754123864371      3.430850595748829
4.88082881000362      3.447756276153289
4.878879894586617      3.4646953680525074
4.87690718596089      3.4816679646986337
4.8749104917116455      3.498674158802461
4.87288961866207      3.5157140425307674
4.870844372873647      3.5327877075036667
4.8687745596464715      3.549895244791937
4.866679983519572      3.567036744914362
4.864560448271229      3.584212297835049
4.862415756919304      3.6014219929607565
4.860245711721576      3.618665919138211
4.858050114176068      3.6359441646514137
4.855828765021393      3.653256817218948
4.853581464237091      3.670603963991281
4.851308011043982      3.687985691548059
4.849008203904516      3.7054020858953924
4.846681840523124      3.7228532324631463
4.84432871784658      3.7403392161022118
4.841948632064367      3.7578601210817877
4.839541378609041      3.7754160310866407
4.837106752156603      3.793007029214372
4.83464454662688      3.810633197972674
4.832154555183898      3.8282946192765794
4.82963657023627      3.8459913744457084
4.827090383437591      3.863723544201511
4.824515785686822      3.881491208664499
4.821912567128691      3.8992944473514766
4.819280517154098      3.9171333391727625
4.816619424400521      3.935007962429414
4.813929076752422      3.95291839481043
4.811209261341673      3.9708647133899686
4.8084597645479645      3.988846994624539
4.805680371999239      4.006865314350204
4.8028708685721195      4.024919747779769
4.800031038392339      4.043010369499964
4.797160664835184      4.061137253468625
4.794259530525939      4.079300473011869
4.791327417340329      4.097500100821252
4.78836410640498      4.115736208950947
4.785369378097872      4.134008868814889
4.782343012048806      4.152318151183924
4.7792847871398685      4.170664126182966
4.776194481505905      4.1890468632881195
4.7730718725350005      4.207466431323829
4.769916736868957      4.225922898459996
4.766728850403788      4.244416332209102
4.763507988290209      4.262946799423335
4.7602539249341325      4.281514366291685
4.756966433997177      4.300119098337056
4.753645288397165      4.318761060413369
4.750290260308654      4.3374403167026445
4.746901121163438      4.3561569307121015
4.743477641651081      4.374910965271228
4.740019591719445      4.393702482528865
4.736526740575224      4.412531543950271
4.732998856684486      4.431398210314187
4.729435707773217      4.450302541709897
4.725837060827871      4.469244597534275
4.722202682095931      4.488224436488838
4.718532337086468      4.507242116576779
4.714825790570711      4.526297695100008
4.711082806582617      4.545391228656175
4.707303148419454      4.564522773135697
4.703486578642383      4.583692383718771
4.699632859077052      4.602900114872387
4.695741750814187      4.622146020347331
4.6918130142102      4.641430153175186
4.687846408887795      4.660752565665327
4.683841693736578      4.6801133094018965
4.679798626913682      4.6995124352408
4.6757169658443924      4.718949993306674
4.671596467222772      4.73842603298985
4.667436887012308      4.7579406029433295
4.663237980446551      4.777493751079728
4.658999502029766      4.797085524568234
4.6547212055375855      4.816715969831554
4.6504028440176794      4.836385132542848
4.646044169790411      4.856093057622656
4.641644934449526      4.875839789235844
4.637204888862824      4.895625370788502
4.632723783172849      4.915449844924875
4.628201366797581      4.935313253524263
4.623637388431142      4.955215637697926
4.619031596044495      4.975157037785984
4.614383736886162      4.995137493354298
4.609693557482943      5.01515704319136
4.60496080364064      5.035215725305177
4.600185220444794      5.055313576920131
4.595366552261419      5.075450634473851
4.590504542737754      5.095626933614075
4.58559893480301      5.115842509195498
4.580649470669138      5.136097395276624
4.575655891831584      5.156391625116606
4.570617939070072      5.176725231172077
4.565535352449381      5.197098245093989
4.560407871320131      5.217510697724423
4.555235234319582      5.237962619093418
4.550017179372424      5.258454038415773
4.544753443691599      5.278984984087852
4.539443763779108      5.299555483684391
4.534087875426836      5.32016556395528
4.528685513717379      5.340815250822349
4.523236413024887      5.361504569376157
4.517740307015899      5.382233543872757
4.512196928650204      5.403002197730465
4.506606010181693      5.4238105535266214
4.500967283159229      5.444658632994352
4.495280478427517      5.465546457019305
4.489545326127988      5.4864740456364
4.4837615556996875      5.507441418026567
4.47792889588017      5.528448592513475
4.4720470747064045      5.549495586560247
4.466115819515681      5.57058241676619
4.46013485694654      5.591709098863503
4.454103912939689      5.612875647713976
4.44802271273894      5.6340820773056945
4.441890980892151      5.655328400749734
4.435708441252187      5.676614630276842
4.429474816977854      5.697940777234116
4.423189830534896      5.71930685208169
4.416853203696936      5.740712864389384
4.410464657546493      5.762158822833383
4.404023912475939      5.783644735192881
4.39753068818852      5.805170608346732
4.390984703699354      5.826736448270099
4.384385677336443      5.848342260031083
4.3777333267417005      5.869988047787356
4.371027368871984      5.891673814782788
4.364267520000128      5.91339956334406
4.357453495715998      5.93516529487728
4.350585010927539      5.956971009864584
4.343661779861853      5.97881670786074
4.336683516066259      6.000702387489734
4.329649932409382      6.0226280464413655
4.32256074108224      6.044593681467822
4.315415653599349      6.066599288380249
4.30821438079982      6.088644862045333
4.300956632848488      6.110730396381846
4.293642119237027      6.13285588435721
4.286270548785089      6.155021317984046
4.278841629641447      6.177226688316712
4.271355069285144      6.199471985447846
4.263810574526657      6.221757198504891
4.256207851509063      6.244082315646624
4.248546605709224      6.266447324059669
4.240826541938967      6.288852209955012
4.2330473643462865      6.311296958564505
4.225208776416553      6.333781554137368
4.217310480973717      6.356305979936677
4.20935218018155      6.378870218235854
4.201333575544864      6.401474250315149
4.193254367910767      6.424118056458112
4.185114257469905      6.44680161594806
4.176912943757732      6.469524907064542
4.1686501256557795      6.492287907079792
4.160325501392937      6.5150905922551825
4.151938768546746      6.5379329378376605
4.143489624044696      6.5608149180561925
4.13497776416554      6.583736506118191
4.126402884540612      6.60669767420594
4.117764680155155      6.629698393473012
4.109062845349668      6.652738634040688
4.100297073821245      6.67581836499435
4.091467058624946      6.69893755437989
4.082572492175159      6.7220961692001095
4.073613066246979      6.745294175411091
4.064588471977606      6.7685315379185935
4.055498399867736      6.79180822057442
4.046342539782977      6.815124186172792
4.037120580955266      6.838479396446709
4.0278322119842995      6.861873812064305
4.018477120838978      6.885307392625202
4.009054994858854      6.908780096656853
3.9995655207555942      6.932291881610881
3.9900083846144523      6.95584270385941
3.980383271895752      6.979432518691394
3.97068986743638      7.003061280308932
3.9609278554512892      7.026728941823589
3.9510969195350163      7.050435455252703
3.9411967426632017      7.07418077151568
3.93122700719413      7.097964840430294
3.921187394870276      7.12178761070898
3.9110775868198626      7.145649029955116
3.900897263558426      7.169549044659295
3.8906461049904033      7.193487600195606
3.8803237904107135      7.2174646408178935
3.8699299985063673      7.241480109656017
3.8594644073580744      7.265533948712108
3.8489266944418716      7.2896260988568145
3.838316536630755      7.313756499825544
3.8276336101963278      7.337925090214701
3.8168775908104604      7.362131807477913
3.8060481535469526      7.3863765879222525
3.7951449728832243      7.410659366704463
3.7841677227019996      7.434980077827165
3.7731160762930123      7.459338654135059
3.761989706354724      7.483735027311132
3.750788284996048      7.508169127872847
3.7395114837380885      7.532640885168335
3.7281589735158907      7.557150227372569
3.7167304246802035      7.58169708148355
3.7052255069992537      7.606281373318475
3.6936438896605295      7.630903027509895
3.6819852412725798      7.655561967501881
3.6702492298668257      7.680258115546176
3.6584355228993775      7.7049913926983375
3.6465437872528725      7.729761718813886
3.634573689238319      7.754569012544429
3.6225248945969537      7.779413191333802
3.610397068502118      7.804294171414194
3.598189875561129      7.829211867802247
3.5859029798171864      7.8541661942951935
3.573536044751272      7.8791570634669394
3.5610887332840746      7.9041843866641885
3.5485607077779187      7.929248074002513
3.5359516300387095      7.9543480343624635
3.523261161317895      7.979484175385642
3.5104889623144304      8.004656403470785
3.4976346931767655      8.02986462376983
3.484698013504834      8.055108740183984
3.4716785823520717      8.080388655359796
3.4585760582274303      8.105704270685195
3.4453900990974122      8.13105548628555
3.4321203623881216      8.156442201019717
3.418766504987323      8.181864312476069
3.4053281832465117      8.207321716968535
3.3918050529830053      8.232814309532623
3.3781967694820407      8.258341983921458
3.3645029874988874      8.283904632601775
3.3507233612609713      8.309502146749944
3.336857544470022      8.335134416247982
3.322905190304217      8.360801329679536
3.3088659514203536      8.38650277432589
3.294739479956026      8.412238636161955
3.2805254275318214      8.438008799852248
3.266223445253528      8.463813148746874
3.25183318371435      8.489651564877494
3.23735429299715      8.515523928953302
3.2227864226766925      8.541430120356978
3.208129221821908      8.567370017140659
3.193382338998169      8.593343496021872
3.1785454222695804      8.619350432379504
3.1636181192012827      8.645390700249719
3.1486000768617717      8.671464172321912
3.133490941825231      8.697570719934637
3.1182903601738747      8.723710213071525
3.1029979775003156      8.749882520357223
3.0876134389099326      8.77608750905328
3.0721363890232647      8.802325045054085
3.0565664719784156      8.828594992882765
3.0409033314334657      8.854897215687075
3.0251466105689144      8.881231575235308
3.009295952090119      8.907597931912175
2.99335099822976      8.933996144714692
2.977311390750321      8.960426071248069
2.9611767709465733      8.986887567721572
2.944946779648088      9.013380488944401
2.928621057221754      9.039904688321554
2.912199243574316      9.06646001784969
2.895680978154921      9.093046328112974
2.879065899957691      9.119663468278949
2.8623536475242983      9.146311286094358
2.8455438589465647      9.172989627881
2.828636171869071      9.199698338531562
2.811630223491785      9.226437261505447
2.794525650572701      9.25320623882461
2.7773220894305015      9.28000511106937
2.760019175947225      9.306833717374236
2.742616545570956      9.33369189542371
2.7251138333185287      9.360579481448102
2.7075106737782475      9.387496310219339
2.689806701112618      9.414442215046746
2.672001549061102      9.441417027772857
2.6540948509428803      9.468420578769196
2.6360862396596363      9.495452696932066
2.6179753476983554      9.522513209678335
2.599761807134134      9.549601942941193
2.5814452496330156      9.576718721165946
2.5630253064548314      9.60386336730577
2.5445016084560668      9.63103570281748
2.5258737860927347      9.658235547657288
2.5071414694232725      9.685462720276547
2.488304288111455      9.712717037617521
2.469361871429317      9.739998315109116
2.450313848260099      9.767306366662625
2.431159847101205      9.79464100466746
2.4118994960671833      9.822002039986906
2.3925324228927134      9.849389281953814
2.373058254935619      9.876802538366361
2.3534766191798955      9.904241615483755
2.3337871422387466      9.931706318021948
2.313989450357653      9.959196449149358
2.294083169417439      9.986711810482568
2.2740679249373748      10.014252202082039
2.2539433420782813      10.04181742244781
2.233709045645659      10.069407268515189
2.2133646600928327      10.097021535650448
2.1929098095241137      10.124660017646518
2.172344117697978      10.152322506718672
2.151667208030261      10.180008793500193
2.1308787035973724      10.20771866703807
2.109978227139529      10.235451914788673
2.088965401063998      10.2632083226134
2.0678398474483672      10.290987674774366
2.0466011880438253      10.318789753930062
2.025249044278466      10.34661434113101
2.003783037260601      10.374461215815417
1.9822027877821033      10.402330155804835
1.9605079163217556      10.430220937299802
1.9386980430486265      10.4581333348755
1.916772787825455      10.486067121477372
1.8947317702120643      10.514022068416795
1.8725746094687847      10.541997945366687
1.8503009245598963      10.569994520357156
1.8279103341570921      10.598011559771107
1.8054024566429618      10.626048828339908
1.7827769101144835      10.654106089138965
1.760033312386546      10.682183103583373
1.7371712809954818      10.710279631423523
1.714190433202623      10.738395430740717
1.6910903859978679      10.766530257942756
1.6678707561032797      10.794683867759598
1.6445311599766899      10.822856013238903
1.6210712138153287      10.851046445741678
1.5974905335594707      10.879254914937842
1.5737887348961024      10.907481168801857
1.5499654332626052      10.935724953608288
1.5260202438504582      10.963986013927405
1.5019527816089633      10.992264092620779
1.477762661248984      11.020558930836852
1.453449497246706      11.04887026800652
1.42901290384742      11.077197841838732
1.4044524950693165      11.105541388316036
1.379767884707306      11.133900641690161
1.3549586863368581      11.162275334477622
1.3300245133178552      11.190665197455234
1.3049649787984718      11.219069959655721
1.2797796957190688      11.24748934836326
1.2544682768161097      11.27592308910905
1.2290303346260956      11.304370905666865
1.2034654814895207      11.332832520048626
1.1777733295548458      11.361307652499937
1.151953490782494      11.389796021495641
1.1260055769488646      11.418297343735391
1.0999291996503675      11.446811334139177
1.0737239703074777      11.475337705842879
1.0473895001688087      11.50387617019381
1.0209254003152097      11.532426436746267
0.994331281663877      11.56098821325706
0.9676067549724915      11.589561205681061
0.9407514308433735      11.618145118166742
0.9137649197276574      11.646739653051695
0.8866468319294888      11.675344510858178
0.8593967776102418      11.703959390288661
0.8320143667927541      11.732583988221322
0.8044992093655872      11.761217999705602
0.7768509150873029      11.789861117957729
0.7490690935907639      11.818513034356235
0.7211533543874535      11.847173438437489
0.6931033068718168      11.875842017891221
0.6649185603256211      11.904518458556034
0.6365987239223408      11.933202444414933
0.6081434067315596      11.961893657590835
0.5795522177233969      11.990591778342106
0.5508247657729526      12.019296485058057
0.5219606596647758      12.048007454254476
0.4929595080973517      12.076724360569125
0.4638209196876137      12.105446876757277
0.4345445029754736      12.134174673687207
0.4051298664283745      12.162907420335719
0.375576618445866      12.191644783783653
0.3458843673641992      12.220386429211388
0.31605272146094543      12.249132019894365
0.28608128895963497      12.277881217198589
0.25596967803441867      12.306633680576132
0.22571749681475062      12.335389067560655
0.1953243533900935      12.364147033762901
0.16478985581464517      12.39290723286621
0.13411361211208794      12.421669316622035
0.10329523028035908      12.450432934845413
0.07233431829644459      12.479197735410517
0.041230484121194164      12.507963364246132
0.009983335704159043      12.536729465331168
-0.021407519011548113      12.565495680690162
-0.052942472084370765      12.594261650388798
-0.08462191556940372      12.623027012529393
-0.11644624151346576      12.65179140324641
-0.14841584195014965      12.680554456701962
-0.18053110889484977      12.709315805081333
-0.21279243433976663      12.738075078588455
-0.24520021024888902      12.766831905441439
-0.277754828552953      12.795585911868066
-0.31045668114437847      12.824336722101304
-0.343306159872182      12.853083958374809
-0.3763036565368677      12.881827240918431
-0.4094495628852942      12.910566187953732
-0.44274427060551885      12.939300415689488
-0.4761881713216184      12.968029538317191
-0.5097816565884872      12.99675316800658
-0.5435251178866111      13.025470914901128
-0.5774189466168189      13.05418238711357
-0.6114635340950095      13.082887190721415
-0.645659271546856      13.111584929762449
-0.6800065501024871      13.14027520623027
-0.7145057607911421      13.168957620069767
-0.7491572945358063      13.197631769172686
-0.7839615421478194      13.226297249373117
-0.8189188943214611      13.254953654443009
-0.8540297416285129      13.283600576087712
-0.8892944745127965      13.312237603941492
-0.9247134832846873      13.340864325563043
-0.9602871581156049      13.369480326431034
-0.9960158890324776      13.398085189939614
-1.0319000659121853      13.426678497393953
-1.0679400784759765      13.45525982800578
-1.1041363162838604      13.48382875888889
-1.1404891687289784      13.512384865054713
-1.1769990250319438      13.540927719407804
-1.213666274235167      13.569456892741442
-1.250491305197146      13.597971953733108
-1.2874745065867412      13.626472468940072
-1.324616266877418      13.65495800279491
-1.3619169743414712      13.683428117601078
-1.3993770170442192      13.711882373528423
-1.4369967828381773      13.740320328608782
-1.4747766593572036      13.768741538731486
-1.5127170340106217      13.797145557638963
-1.550818293977316      13.825531936922259
-1.5890808261998064      13.853900226016627
-1.6275050173782923      13.882249972197075
-1.6660912539646746      13.910580720573943
-1.7048399221565533      13.93889201408847
-1.7437514078911969      13.967183393508364
-1.7828260968394885      13.995454397423385
-1.8220643743998457      14.023704562240924
-1.8614666256921146      14.05193342218157
-1.9010332355514414      14.080140509274724
-1.940764588522112      14.108325353354163
-1.9806610688513722      14.13648748205365
-2.0207230604832196      14.164626420802517
-2.060950947052168      14.19274169282127
-2.1013451118769892      14.220832819117197
-2.1419059379544287      14.24889931847997
-2.18263380795289      14.27694070747725
-2.223529104206101      14.304956500450318
-2.2645922087067487      14.332946209509677
-2.3058235031000898      14.36090934453069
-2.3472233686775312      14.388845413149182
-2.3887921863701935      14.416753920757097
-2.430530336742439      14.444634370498127
-2.4724381999853753      14.472486263263335
-2.5145161559103366      14.500309097686822
-2.556764583942333      14.528102370141356
-2.599183863113478      14.555865574734035
-2.6417743720563855      14.583598203301944
-2.6845364889975443      14.611299745407813
-2.7274705917506576      14.63896968833568
-2.770577057709969      14.666607517086579
-2.813856263843549      14.6942127143742
-2.857308586686561      14.72178476062057
-2.900934402334498      14.749323133951764
-2.9447340864363953      14.776827310193559
-2.988708014188013      14.804296762867166
-3.03285656032499      14.831730963184912
-3.077180099115976      14.859129380045946
-3.121679004355734      14.886491480031973
-3.16635364935821      14.913816727402953
-3.2112044069495846      14.941104584092834
-3.2562316494612924      14.968354509705282
-3.30143574872301      14.995565961509415
-3.3468170760556255      15.022738394435546
-3.392376002264171      15.049871261070933
-3.4381128976307367      15.076964011655535
-3.484028131907345      15.104016094077759
-3.5301220743088138      15.131026953870256
-3.5763950935055733      15.157996034205656
-3.6228475576164683      15.18492277589238
-3.669479834201526      15.211806617370405
-3.7162922902547035      15.238646994707077
-3.763285292196591      15.26544334159288
-3.810459205867107      15.292195089337277
-3.857814396518152      15.3189016668645
-3.905351228806236      15.345562500709377
-3.953070066785081      15.372177015013158
-4.000971273898195      15.398744631519353
-4.04905521297141      15.425264769569567
-4.097322246205406      15.451736846099353
-4.145772735168191      15.478160275634071
-4.194407040787562      15.504534470284744
-4.243225523343535      15.530858839743937
-4.292228542460744      15.557132791281635
-4.341416457100813      15.583355729741116
-4.390789625554705      15.609527057534873
-4.440348405435025      15.635646174640488
-4.490093153668321      15.661712478596566
-4.540024226487322      15.687725364498634
-4.5901419794231835      15.713684224995088
-4.640446767297673      15.739588450283112
-4.690938944215344      15.765437428104626
-4.741618863555676      15.791230543742243
-4.792486877965183      15.816967180015236
-4.843543339349498      15.842646717275487
-4.894788598865423      15.868268533403485
-4.946223006912949      15.893832003804311
-4.997846913127253      15.919336501403613
-5.049660666370662      15.944781396643657
-5.101664614724581      15.970166057479293
-5.153859105481399      15.995489849373998
-5.206244485136373      16.020752135295933
-5.258821099379453      16.045952275713944
-5.3115892930871205      16.071089628593654
-5.364549410314153      16.09616354939349
-5.417701794285386      16.121173391060783
-5.471046787387447      16.146118504027843
-5.524584731160439      16.170998236208046
-5.578315966289604      16.195811932991926
-5.6322408325969695      16.22055893724332
-5.686359669032941      16.24523858929546
-5.740672813667887      16.26985022694712
-5.79518060368367      16.294393185458755
-5.849883375365175      16.31886679754866
-5.904781464091778      16.343270393389133
-5.959875204328809      16.36760330060265
-6.015164929618972      16.39186484425805
-6.070650972573734      16.41605434686674
-6.126333664864686      16.440171128378903
-6.182213337214876      16.464214506179708
-6.238290319390109      16.48818379508555
-6.29456494019021      16.512078307340296
-6.351037527440271      16.535897352611542
-6.407708407981846      16.55964023798686
-6.464577907664142      16.5833062679701
-6.521646351335153      16.60689474447766
-6.578914062832774      16.630404966834814
-6.636381364975894      16.653836231771997
-6.694048579555439      16.677187833421154
-6.751916027325392      16.700459063312067
-6.8099840279937895      16.723649210368702
-6.868252900213676      16.746757560905593
-6.926722961574029      16.769783398624202
-6.985394528590656      16.79272600460931
-7.04426791669706      16.81558465732542
-7.10334344023527      16.838358632613176
-7.162621412446644      16.86104720368579
-7.222102145462635      16.883649641125476
-7.281785950295535      16.90616521287993
-7.341673136829175      16.92859318425876
-7.401764013809601      16.950932817929996
-7.462058888835713      16.973183373916573
-7.522558068349893      16.995344109592853
-7.583261857628559      17.017414279681137
-7.644170560772728      17.039393136248204
-7.705284480698527      17.061279928701868
-7.766603919127677      17.083073903787536
-7.828129176577939      17.10477430558479
-7.889860552353543      17.126380375504
-7.951798344535563      17.147891352282894
-8.013942849972281      17.169306471983226
-8.0762943642695      17.19062496798738
-8.138853181780847      17.211846070995048
-8.201619595598013      17.232969009019886
-8.26459389754099      17.25399300738619
-8.327776378148275      17.274917288725636
-8.391167326666997      17.295741072973943
-8.454767031043072      17.316463577367625
-8.5185757779113      17.33708401644076
-8.582593852585406      17.357601602021703
-8.646821539048084      17.378015543229914
-8.711259119940996      17.398325046472724
-8.775906876554735      17.418529315442157
-8.840765088818747      17.438627551111736
-8.90583403529124      17.458618951733353
-8.97111399314905      17.478502712834118
-9.036605238177467      17.498278027213235
-9.102308044760042      17.51794408493889
-9.168222685868345      17.537500073345164
-9.234349433051712      17.556945177028965
-9.300688556426941      17.57627857784698
-9.367240324667947      17.595499454912613
-9.434151521575151      17.614528627616515
-9.501062718482356      17.633557800320418
-9.56797391538956      17.65258697302432
-9.634885112296766      17.671616145728223
-9.70179630920397      17.690645318432125
-9.768707506111175      17.70967449113603
-9.83561870301838      17.728703663839934
-9.902529899925584      17.747732836543836
-9.969441096832789      17.76676200924774
-10.036352293739995      17.78579118195164
-10.1032634906472      17.804820354655543
-10.170174687554404      17.823849527359446
-10.237085884461608      17.84287870006335
-10.303997081368813      17.86190787276725
-10.37090827827602      17.880937045471153
-10.437819475183224      17.899966218175056
-10.504730672090428      17.91899539087896
-10.571641868997633      17.938024563582864
-10.638553065904837      17.957053736286767
-10.705464262812043      17.97608290899067
-10.772375459719248      17.99511208169457
-10.839286656626452      18.014141254398474
-10.906197853533657      18.033170427102377
-10.973109050440861      18.05219959980628
-11.040020247348066      18.07122877251018
-11.10693144425527      18.090257945214084
-11.173842641162476      18.109287117917987
-11.240753838069681      18.12831629062189
-11.307665034976885      18.14734546332579
-11.37457623188409      18.166374636029698
-11.441487428791294      18.1854038087336
-11.5083986256985      18.204432981437503
-11.575309822605705      18.223462154141405
-11.64222101951291      18.242491326845307
-11.709132216420114      18.26152049954921
-11.776043413327319      18.280549672253112
-11.842954610234525      18.299578844957015
-11.90986580714173      18.318608017660917
-11.976777004048934      18.33763719036482
-12.043688200956138      18.356666363068722
-12.110599397863343      18.37569553577263
-12.177510594770549      18.39472470847653
-12.244421791677754      18.413753881180433
-12.311332988584958      18.432783053884336
-12.378244185492163      18.45181222658824
-12.445155382399367      18.47084139929214
-12.512066579306573      18.489870571996043
-12.578977776213778      18.508899744699946
-12.645888973120982      18.527928917403848
-12.712800170028187      18.54695809010775
-12.779711366935391      18.565987262811653
-12.846622563842597      18.585016435515556
-12.9135337607498      18.60404560821946
-12.980444957657006      18.623074780923364
-13.047356154564211      18.642103953627267
-13.114267351471415      18.66113312633117
-13.18117854837862      18.68016229903507
-13.248089745285824      18.699191471738974
-13.31500094219303      18.718220644442876
-13.381912139100235      18.73724981714678
-13.44882333600744      18.75627898985068
-13.515734532914646      18.775308162554584
-13.582645729821849      18.794337335258486
-13.649556926729055      18.813366507962392
-13.71646812363626      18.832395680666295
-13.783379320543464      18.851424853370197
-13.850290517450668      18.8704540260741
-13.917201714357873      18.889483198778002
-13.984112911265079      18.908512371481905
-14.051024108172284      18.927541544185807
-14.117935305079488      18.94657071688971
-14.184846501986694      18.965599889593612
-14.251757698893897      18.984629062297515
-14.318668895801103      19.003658235001417
-14.385580092708308      19.02268740770532
-14.452491289615512      19.041716580409226
-14.519402486522717      19.060745753113128
-14.586313683429921      19.07977492581703
-14.653224880337127      19.098804098520933
-14.720136077244332      19.117833271224836
-14.787047274151536      19.136862443928738
-14.853958471058743      19.15589161663264
-14.920869667965945      19.174920789336543
-14.987780864873152      19.193949962040445
-15.054692061780356      19.21297913474435
-15.12160325868756      19.232008307448254
-15.188514455594765      19.251037480152156
-15.25542565250197      19.27006665285606
-15.322336849409176      19.28909582555996
-15.38924804631638      19.308124998263864
-15.456159243223585      19.327154170967766
-15.52307044013079      19.34618334367167
-15.589981637037994      19.36521251637557
-15.6568928339452      19.384241689079474
-15.723804030852405      19.403270861783376
-15.790715227759609      19.42230003448728
-15.857626424666813      19.44132920719118
-15.924537621574018      19.460358379895084
-15.991448818481224      19.47938755259899
-16.058360015388427      19.498416725302892
-16.125271212295633      19.517445898006795
-16.192182409202836      19.536475070710697
-16.259093606110042      19.5555042434146
-16.32600480301725      19.574533416118502
-16.392915999924455      19.593562588822405
-16.459827196831657      19.612591761526307
-16.52673839373886      19.63162093423021
-16.593649590646066      19.650650106934116
-16.660560787553273      19.669679279638018
-16.72747198446048      19.68870845234192
-16.79438318136768      19.707737625045823
-16.861294378274884      19.726766797749725
-16.92820557518209      19.745795970453628
-16.995116772089297      19.76482514315753
-17.0620279689965      19.783854315861433
-17.128939165903706      19.802883488565335
-17.19585036281091      19.821912661269238
-17.262761559718115      19.84094183397314
-17.32967275662532      19.859971006677043
-17.396583953532524      19.87900017938095
-17.46349515043973      19.89802935208485
-17.530406347346933      19.91705852478875
-17.59731754425414      19.936087697492656
-17.664228741161345      19.95511687019656
-17.73113993806855      19.97414604290046
-17.798051134975754      19.993175215604364
-17.864962331882957      20.012204388308266
-17.931873528790163      20.03123356101217
-17.99878472569737      20.05026273371607
-18.065695922604576      20.069291906419974
-18.13260711951178      20.08832107912388
-18.19951831641898      20.107350251827782
-18.266429513326187      20.126379424531684
-18.333340710233394      20.145408597235587
-18.400251907140596      20.16443776993949
-18.467163104047803      20.183466942643392
-18.534074300955005      20.202496115347294
-18.60098549786221      20.221525288051197
-18.667896694769418      20.2405544607551
-18.73480789167662      20.259583633459002
-18.801719088583827      20.278612806162904
-18.86863028549103      20.297641978866807
-18.935541482398236      20.316671151570713
-19.002452679305442      20.335700324274615
-19.06936387621265      20.354729496978518
-19.13627507311985      20.37375866968242
-19.203186270027054      20.392787842386323
-19.27009746693426      20.411817015090225
-19.337008663841466      20.430846187794128
-19.403919860748672      20.44987536049803
-19.470831057655875      20.468904533201933
-19.537742254563078      20.487933705905835
-19.604653451470284      20.506962878609738
-19.67156464837749      20.525992051313644
-19.738475845284693      20.545021224017546
-19.8053870421919      20.56405039672145
-19.872298239099102      20.58307956942535
-19.93920943600631      20.602108742129253
-20.006120632913515      20.621137914833156
-20.073031829820717      20.64016708753706
-20.139943026727924      20.65919626024096
-20.206854223635126      20.678225432944863
-20.273765420542333      20.697254605648766
-20.34067661744954      20.71628377835267
-20.407587814356745      20.73531295105657
-20.474499011263948      20.754342123760473
-20.54141020817115      20.77337129646438
-20.608321405078357      20.79240046916828
-20.675232601985563      20.811429641872184
-20.742143798892766      20.830458814576087
-20.809054995799972      20.84948798727999
-20.875966192707175      20.86851715998389
-20.94287738961438      20.887546332687794
-21.009788586521587      20.906575505391697
-21.07669978342879      20.9256046780956
-21.143610980335996      20.944633850799505
-21.2105221772432      20.963663023503408
-21.277433374150405      20.98269219620731
-21.34434457105761      21.001721368911213
-21.411255767964814      21.020750541615115
-21.47816696487202      21.039779714319018
-21.545078161779223      21.05880888702292
-21.61198935868643      21.077838059726822
-21.678900555593636      21.096867232430725
-21.74581175250084      21.115896405134627
-21.812722949408045      21.13492557783853
-21.879634146315247      21.153954750542432
-21.946545343222454      21.172983923246335
-22.01345654012966      21.19201309595024
-22.080367737036863      21.211042268654143
-22.14727893394407      21.230071441358046
-22.21419013085127      21.24910061406195
-22.281101327758478      21.26812978676585
-22.348012524665684      21.287158959469753
-22.414923721572887      21.306188132173656
-22.481834918480093      21.325217304877558
-22.548746115387296      21.34424647758146
-22.615657312294502      21.363275650285367
-22.682568509201708      21.382304822989266
-22.749479706108907      21.401333995693168
-22.816390903016114      21.42036316839707
-22.883302099923316      21.439392341100977
-22.95021329683052      21.45842151380488
-23.017124493737725      21.47745068650878
-23.084035690644924      21.496479859212684
-23.15094688755213      21.515509031916586
-23.217858084459333      21.53453820462049
-23.284769281366536      21.55356737732439
-23.35168047827374      21.572596550028294
-23.418591675180945      21.591625722732193
-23.485502872088148      21.610654895436095
-23.55241406899535      21.629684068139998
-23.619325265902553      21.6487132408439
-23.686236462809756      21.667742413547803
-23.753147659716962      21.686771586251705
-23.820058856624165      21.705800758955608
-23.886970053531364      21.72482993165951
-23.95388125043857      21.743859104363413
-24.020792447345773      21.762888277067315
-24.087703644252976      21.781917449771218
-24.154614841160182      21.80094662247512
-24.221526038067385      21.819975795179023
-24.288437234974587      21.839004967882925
-24.35534843188179      21.858034140586824
-24.422259628788993      21.877063313290726
-24.489170825696196      21.89609248599463
-24.556082022603402      21.91512165869853
-24.622993219510604      21.934150831402434
-24.689904416417807      21.953180004106336
-24.75681561332501      21.97220917681024
-24.823726810232213      21.99123834951414
-24.890638007139415      22.010267522218044
-24.95754920404662      22.029296694921946
-25.024460400953824      22.04832586762585
-25.091371597861027      22.06735504032975
-25.15828279476823      22.086384213033654
-25.225193991675432      22.105413385737556
-25.29210518858264      22.12444255844146
-25.35901638548984      22.14347173114536
-25.425927582397044      22.162500903849264
-25.492838779304247      22.181530076553166
-25.55974997621145      22.20055924925707
-25.626661173118652      22.21958842196097
-25.69357237002586      22.238617594664873
-25.76048356693306      22.257646767368776
-25.827394763840264      22.27667594007268
-25.894305960747467      22.29570511277658
-25.961217157654673      22.314734285480483
-26.028128354561872      22.333763458184386
-26.09503955146908      22.35279263088829
-26.16195074837628      22.37182180359219
-26.228861945283484      22.390850976296093
-26.29577314219069      22.409880148999996
-26.36268433909789      22.428909321703898
-26.429595536005095      22.4479384944078
-26.496506732912298      22.466967667111703
-26.5634179298195      22.485996839815606
-26.630329126726703      22.505026012519508
-26.697240323633906      22.52405518522341
-26.764151520541112      22.543084357927313
-26.831062717448315      22.562113530631215
-26.897973914355518      22.581142703335118
-26.96488511126272      22.60017187603902
-27.031796308169923      22.619201048742923
-27.09870750507713      22.638230221446825
-27.16561870198433      22.657259394150724
-27.232529898891535      22.676288566854627
-27.299441095798738      22.69531773955853
-27.36635229270594      22.71434691226243
-27.433263489613147      22.733376084966334
-27.500174686520346      22.752405257670237
-27.567085883427552      22.77143443037414
-27.633997080334755      22.79046360307804
-27.700908277241957      22.809492775781944
-27.76781947414916      22.828521948485847
-27.834730671056363      22.84755112118975
-27.90164186796357      22.86658029389365
-27.968553064870772      22.885609466597554
-28.035464261777975      22.904638639301456
-28.102375458685177      22.92366781200536
-28.16928665559238      22.94269698470926
-28.236197852499586      22.961726157413164
-28.303109049406785      22.980755330117066
-28.37002024631399      22.99978450282097
-28.436931443221194      23.01881367552487
-28.503842640128397      23.037842848228774
-28.570753837035603      23.056872020932676
-28.637665033942802      23.07590119363658
-28.70457623085001      23.09493036634048
-28.77148742775721      23.113959539044384
-28.838398624664414      23.132988711748286
-28.905309821571617      23.15201788445219
-28.97222101847882      23.17104705715609
-29.039132215386026      23.19007622985999
-29.10604341229323      23.209105402563893
-29.17295460920043      23.228134575267795
-29.239865806107634      23.247163747971697
-29.306777003014837      23.2661929206756
-29.373688199922043      23.285222093379502
-29.440599396829242      23.304251266083405
-29.50751059373645      23.323280438787307
-29.57442179064365      23.34230961149121
-29.641332987550854      23.361338784195112
-29.70824418445806      23.380367956899015
-29.775155381365263      23.399397129602917
-29.842066578272465      23.41842630230682
-29.908977775179668      23.437455475010722
-29.97588897208687      23.456484647714625
-30.042800168994074      23.475513820418527
-30.10971136590128      23.49454299312243
-30.176622562808483      23.513572165826332
-30.243533759715685      23.532601338530235
-30.310444956622888      23.551630511234137
-30.37735615353009      23.57065968393804
-30.444267350437293      23.589688856641942
-30.5111785473445      23.608718029345845
-30.578089744251702      23.627747202049747
-30.645000941158905      23.64677637475365
-30.711912138066108      23.665805547457552
-30.77882333497331      23.684834720161454
-30.845734531880517      23.703863892865357
-30.91264572878772      23.72289306556926
-30.979556925694922      23.741922238273162
-31.046468122602125      23.760951410977064
-31.113379319509328      23.779980583680967
-31.18029051641653      23.79900975638487
-31.247201713323737      23.81803892908877
-31.31411291023094      23.837068101792674
-31.381024107138142      23.856097274496577
-31.447935304045345      23.87512644720048
-31.514846500952547      23.89415561990438
-31.58175769785975      23.913184792608284
-31.648668894766956      23.932213965312187
-31.71558009167416      23.95124313801609
-31.78249128858136      23.97027231071999
-31.849402485488568      23.98930148342389
-31.916313682395767      24.008330656127793
-31.98322487930297      24.027359828831695
-32.05013607621018      24.046389001535598
-32.11704727311738      24.0654181742395
-32.18395847002458      24.084447346943403
-32.250869666931784      24.103476519647305
-32.31778086383899      24.122505692351208
-32.38469206074619      24.14153486505511
-32.451603257653396      24.160564037759013
-32.5185144545606      24.179593210462915
-32.5854256514678      24.198622383166818
-32.65233684837501      24.21765155587072
-32.71924804528221      24.236680728574623
-32.78615924218941      24.25570990127852
-32.85307043909661      24.274739073982424
-32.91998163600382      24.293768246686327
-32.986892832911025      24.31279741939023
-33.053804029818224      24.33182659209413
-33.12071522672543      24.350855764798034
-33.187626423632636      24.369884937501936
-33.254537620539836      24.38891411020584
-33.321448817447035      24.40794328290974
-33.38836001435424      24.426972455613644
-33.45527121126145      24.446001628317546
-33.522182408168646      24.46503080102145
-33.58909360507585      24.48405997372535
-33.65600480198306      24.503089146429254
-33.72291599889026      24.522118319133156
-33.78982719579746      24.54114749183706
-33.85673839270467      24.56017666454096
-33.92364958961187      24.579205837244864
-33.99056078651907      24.598235009948766
-34.057471983426275      24.61726418265267
-34.12438318033348      24.63629335535657
-34.19129437724068      24.655322528060474
-34.25820557414789      24.674351700764376
-34.32511677105509      24.69338087346828
-34.39202796796229      24.71241004617218
-34.45893916486949      24.731439218876083
-34.5258503617767      24.750468391579986
-34.592761558683904      24.76949756428389
