0.005       2.500015624983724
0.01       2.500062499739591
0.015       2.5001406236817347
0.02       2.5002499958338613
0.025       2.500390614829487
0.030000000000000002       2.5005624789122596
0.035       2.500765585936378
0.04       2.5009999333670967
0.045       2.5012655182813317
0.049999999999999996       2.501562337368351
0.05499999999999999       2.501890386930562
0.05999999999999999       2.5022496628843864
0.06499999999999999       2.502640160761228
0.06999999999999999       2.503061875708532
0.075       2.5035148024909306
0.08       2.503998935491483
0.085       2.5045142687130073
0.09000000000000001       2.50506079577949
0.09500000000000001       2.505638509937595
0.10000000000000002       2.506247404058261
0.10500000000000002       2.506887470638373
0.11000000000000003       2.507558701802537
0.11500000000000003       2.50826108930493
0.12000000000000004       2.508994624531242
0.12500000000000003       2.509759298500694
0.13000000000000003       2.51055510186815
0.13500000000000004       2.511382024926308
0.14000000000000004       2.5122400576079715
0.14500000000000005       2.513129189488402
0.15000000000000005       2.5140494097877615
0.15500000000000005       2.51500070737362
0.16000000000000006       2.515983070763557
0.16500000000000006       2.5169964881278304
0.17000000000000007       2.5180409472921292
0.17500000000000007       2.5191164357403952
0.18000000000000008       2.520222940617731
0.18500000000000008       2.52136044873337
0.19000000000000009       2.522528946563729
0.1950000000000001       2.5237284202555292
0.2000000000000001       2.5249588556289826
0.2050000000000001       2.526220238181066
0.2100000000000001       2.5275125530888385
0.2150000000000001       2.52883578521285
0.2200000000000001       2.5301899191006014
0.22500000000000012       2.5315749389900803
0.23000000000000012       2.5329908288133494
0.23500000000000013       2.534437572200208
0.24000000000000013       2.535915152481914
0.24500000000000013       2.537423552694959
0.2500000000000001       2.538962755584912
0.2550000000000001       2.540532743610316
0.2600000000000001       2.5421334989466384
0.2650000000000001       2.54376500349029
0.27000000000000013       2.5454272388626755
0.27500000000000013       2.5471201864143245
0.28000000000000014       2.5488438272290503
0.28500000000000014       2.5505981421281705
0.29000000000000015       2.552383111674777
0.29500000000000015       2.5541987161780466
0.30000000000000016       2.556044935697606
0.30500000000000016       2.5579217500479343
0.31000000000000016       2.5598291388028147
0.31500000000000017       2.5617670812998234
0.3200000000000002       2.563735556644864
0.3250000000000002       2.5657345437167356
0.3300000000000002       2.567764021171744
0.3350000000000002       2.5698239674483467
0.3400000000000002       2.571914360771833
0.3450000000000002       2.57403517915904
0.3500000000000002       2.576186400423096
0.3550000000000002       2.5783680021782023
0.3600000000000002       2.5805799618444376
0.3650000000000002       2.582822256652592
0.3700000000000002       2.585094863649035
0.3750000000000002       2.5873977597005964
0.3800000000000002       2.5897309214994833
0.38500000000000023       2.5920943255682096
0.39000000000000024       2.5944879482645558
0.39500000000000024       2.596911765786541
0.40000000000000024       2.599365754177419
0.40500000000000025       2.601849889330691
0.41000000000000025       2.6043641469951293
0.41500000000000026       2.6069085027798202
0.42000000000000026       2.6094829321592203
0.42500000000000027       2.6120874104782237
0.43000000000000027       2.614721912957235
0.4350000000000003       2.617386414697263
0.4400000000000003       2.6200808906850077
0.4450000000000003       2.6228053157979683
0.4500000000000003       2.625559664809546
0.4550000000000003       2.6283439123941594
0.4600000000000003       2.6311580331323507
0.4650000000000003       2.6340020015159107
0.4700000000000003       2.636875791952987
0.4750000000000003       2.6397793787732073
0.4800000000000003       2.642712736232787
0.4850000000000003       2.6456758385196415
0.4900000000000003       2.6486686597584947
0.49500000000000033       2.6516911740159763
0.5000000000000003       2.6547433553057216
0.5050000000000003       2.6578251775934514
0.5100000000000003       2.6609366148020563
0.5150000000000003       2.664077640816662
0.5200000000000004       2.667248229489689
0.5250000000000004       2.670448354645893
0.5300000000000004       2.6736779900874064
0.5350000000000004       2.6769371095987466
0.5400000000000004       2.6802256869518284
0.5450000000000004       2.683543695910946
0.5500000000000004       2.6868911102377466
0.5550000000000004       2.690267903696182
0.5600000000000004       2.693674050057442
0.5650000000000004       2.6971095231048716
0.5700000000000004       2.7005742966388606
0.5750000000000004       2.70406834448172
0.5800000000000004       2.707591640482527
0.5850000000000004       2.711144158521958
0.5900000000000004       2.7147258725170826
0.5950000000000004       2.7183367564261527
0.6000000000000004       2.721976784253344
0.6050000000000004       2.7256459300534863
0.6100000000000004       2.7293441679367647
0.6150000000000004       2.7330714720733864
0.6200000000000004       2.7368278166982254
0.6250000000000004       2.740613176115437
0.6300000000000004       2.744427524703035
0.6350000000000005       2.7482708369174533
0.6400000000000005       2.752143087298061
0.6450000000000005       2.7560442504716542
0.6500000000000005       2.759974301156915
0.6550000000000005       2.7639332141688335
0.6600000000000005       2.767920964423102
0.6650000000000005       2.7719375269404654
0.6700000000000005       2.775982876851055
0.6750000000000005       2.780056989398665
0.6800000000000005       2.7841598399450094
0.6850000000000005       2.7882914039739384
0.6900000000000005       2.7924516570956173
0.6950000000000005       2.796640575050667
0.7000000000000005       2.8008581337142724
0.7050000000000005       2.805104309100248
0.7100000000000005       2.80937907736507
0.7150000000000005       2.8136824148118653
0.7200000000000005       2.8180142978943636
0.7250000000000005       2.8223747032208144
0.7300000000000005       2.826763607557859
0.7350000000000005       2.831180987834363
0.7400000000000005       2.8356268211452162
0.7450000000000006       2.840101084755083
0.7500000000000006       2.8446037561021194
0.7550000000000006       2.8491348128016405
0.7600000000000006       2.8536942326497643
0.7650000000000006       2.858281993626993
0.7700000000000006       2.8628980739017673
0.7750000000000006       2.8675424518339794
0.7800000000000006       2.8722151059784338
0.7850000000000006       2.8769160150882787
0.7900000000000006       2.8816451581183915
0.7950000000000006       2.886402514228713
0.8000000000000006       2.8911880627875597
0.8050000000000006       2.8960017833748743
0.8100000000000006       2.9008436557854456
0.8150000000000006       2.9057136600320828
0.8200000000000006       2.9106117763487496
0.8250000000000006       2.9155379851936494
0.8300000000000006       2.920492267252282
0.8350000000000006       2.9254746034404424
0.8400000000000006       2.9304849749071895
0.8450000000000006       2.9355233630377646
0.8500000000000006       2.940589749456475
0.8550000000000006       2.9456841160295313
0.8600000000000007       2.9508064448678395
0.8650000000000007       2.9559567183297624
0.8700000000000007       2.9611349190238263
0.8750000000000007       2.966341029811394
0.8800000000000007       2.9715750338092977
0.8850000000000007       2.9768369143924187
0.8900000000000007       2.982126655196245
0.8950000000000007       2.9874442401193666
0.9000000000000007       2.9927896533259473
0.9050000000000007       2.998162879248147
0.9100000000000007       3.003563902588502
0.9150000000000007       3.0089927083222694
0.9200000000000007       3.0144492816997337
0.9250000000000007       3.0199336082484614
0.9300000000000007       3.025445673775527
0.9350000000000007       3.0309854643696985
0.9400000000000007       3.0365529664035757
0.9450000000000007       3.0421481665356964
0.9500000000000007       3.0477710517126027
0.9550000000000007       3.053421609170861
0.9600000000000007       3.0590998264390574
0.9650000000000007       3.064805691339743
0.9700000000000008       3.0705391919913434
0.9750000000000008       3.076300316810034
0.9800000000000008       3.0820890545115756
0.9850000000000008       3.087905394113112
0.9900000000000008       3.093749324934931
0.9950000000000008       3.0996208366021936
1.0000000000000007       3.1055199190466127
1.0050000000000006       3.111446562508116
1.0100000000000005       3.117400757536457
1.0150000000000003       3.123382494992794
1.0200000000000002       3.1293917660512407
1.0250000000000001       3.1354285622003704
1.03       3.1414928752446993
1.035       3.1475846973061214
1.0399999999999998       3.153704020825323
1.0449999999999997       3.1598508385631483
1.0499999999999996       3.1660251436019493
1.0549999999999995       3.1722269293468854
1.0599999999999994       3.178456189527204
1.0649999999999993       3.18471291819748
1.0699999999999992       3.1909971097388294
1.074999999999999       3.1973087588600846
1.079999999999999       3.203647860598944
1.0849999999999989       3.2100144103230877
1.0899999999999987       3.216408403731266
1.0949999999999986       3.222829836854352
1.0999999999999985       3.2292787060563675
1.1049999999999984       3.2357550080354827
1.1099999999999983       3.242258739824975
1.1149999999999982       3.2487898987941777
1.119999999999998       3.255348482649379
1.124999999999998       3.261934489434709
1.129999999999998       3.268547917532991
1.1349999999999978       3.2751887656665644
1.1399999999999977       3.281857032898092
1.1449999999999976       3.2885527186313186
1.1499999999999975       3.295275822611825
1.1549999999999974       3.3020263449277465
1.1599999999999973       3.308804286010461
1.1649999999999971       3.31560964663526
1.169999999999997       3.3224424279219913
1.174999999999997       3.3293026313356773
1.1799999999999968       3.336190258687104
1.1849999999999967       3.343105312133398
1.1899999999999966       3.3500477941785647
1.1949999999999965       3.357017707674014
1.1999999999999964       3.36401505581906
1.2049999999999963       3.3710398421613963
1.2099999999999962       3.3780920705975532
1.214999999999996       3.385171745373323
1.219999999999996       3.3922788710841822
1.2249999999999959       3.399413452675668
1.2299999999999958       3.406575495443756
1.2349999999999957       3.413765005035204
1.2399999999999956       3.42098198744788
1.2449999999999954       3.428226449031072
1.2499999999999953       3.435498396485771
1.2549999999999952       3.442797836864944
1.2599999999999951       3.4501247775737833
1.264999999999995       3.4574792263699363
1.269999999999995       3.4648611913637164
1.2749999999999948       3.4722706810182986
1.2799999999999947       3.479707704149902
1.2849999999999946       3.4871722699279406
1.2899999999999945       3.494664387875172
1.2949999999999944       3.5021840678678187
1.2999999999999943       3.5097313201356837
1.3049999999999942       3.5173061552622356
1.309999999999994       3.5249085841846957
1.314999999999994       3.5325386181940885
1.3199999999999938       3.5401962689352993
1.3249999999999937       3.5478815484070982
1.3299999999999936       3.555594468962162
1.3349999999999935       3.5633350433070756
1.3399999999999934       3.5711032845023185
1.3449999999999933       3.5788992059622435
1.3499999999999932       3.586722821455037
1.354999999999993       3.594574145102666
1.359999999999993       3.602453191380816
1.3649999999999929       3.610359975118813
1.3699999999999928       3.6182945114995335
1.3749999999999927       3.626256816059302
1.3799999999999926       3.634246904687784
1.3849999999999925       3.6422647936278523
1.3899999999999924       3.650310499475456
1.3949999999999922       3.658384039179475
1.3999999999999921       3.6664854300415586
1.404999999999992       3.6746146897159595
1.409999999999992       3.682771836209355
1.4149999999999918       3.690956887880656
1.4199999999999917       3.6991698634408148
1.4249999999999916       3.7074107819526128
1.4299999999999915       3.7156796628304454
1.4349999999999914       3.723976525840093
1.4399999999999913       3.7323013910984932
1.4449999999999912       3.740654279073492
1.449999999999991       3.749035210583593
1.454999999999991       3.7574442067976994
1.4599999999999909       3.765881289234852
1.4649999999999908       3.7743464797639406
1.4699999999999906       3.7828398006034383
1.4749999999999905       3.7913612743210967
1.4799999999999904       3.7999109238336626
1.4849999999999903       3.808488772406569
1.4899999999999902       3.8170948436536216
1.4949999999999901       3.825729161536693
1.49999999999999       3.83439175036539
1.50499999999999       3.8430826347967355
1.5099999999999898       3.851801839834827
1.5149999999999897       3.860549390830502
1.5199999999999896       3.869325313480992
1.5249999999999895       3.8781296338295737
1.5299999999999894       3.886962378265217
1.5349999999999893       3.8958235735222178
1.5399999999999892       3.9047132466798438
1.544999999999989       3.9136314251619617
1.549999999999989       3.9225781367366657
1.5549999999999888       3.9315534095158977
1.5599999999999887       3.940557271955074
1.5649999999999886       3.949589752852701
1.5699999999999885       3.9586508813499774
1.5749999999999884       3.967740686930416
1.5799999999999883       3.9768591994194455
1.5849999999999882       3.986006448984009
1.589999999999988       3.9951824661321718
1.594999999999988       4.004387281712715
1.5999999999999879       4.0136209269147285
1.6049999999999878       4.022883433267213
1.6099999999999877       4.032174832638661
1.6149999999999876       4.04149515723664
1.6199999999999875       4.0508444396074
1.6249999999999873       4.060222712635437
1.6299999999999872       4.069630009543087
1.6349999999999871       4.079066363890102
1.639999999999987       4.0885318095732375
1.644999999999987       4.0980263808258215
1.6499999999999868       4.107550112217339
1.6549999999999867       4.117103038653007
1.6599999999999866       4.126685195373352
1.6649999999999865       4.136296617953779
1.6699999999999864       4.145937342304151
1.6749999999999863       4.155607404668368
1.6799999999999862       4.165306841623927
1.684999999999986       4.1750356900815095
1.689999999999986       4.184793987284545
1.6949999999999859       4.194581770808787
1.6999999999999857       4.204399078561889
1.7049999999999856       4.214245948782973
1.7099999999999855       4.224122420042212
1.7149999999999854       4.234028531240392
1.7199999999999853       4.243964321608493
1.7249999999999852       4.253929830707269
1.729999999999985       4.263925098426815
1.734999999999985       4.2739501649861475
1.739999999999985       4.284005070932786
1.7449999999999848       4.294089857142326
1.7499999999999847       4.30420456481802
1.7549999999999846       4.314349235490361
1.7599999999999845       4.324523911016662
1.7649999999999844       4.334728633580642
1.7699999999999843       4.344963445692007
1.7749999999999841       4.355228390186041
1.779999999999984       4.36552351022319
1.784999999999984       4.375848849288659
1.7899999999999838       4.3862044511919915
1.7949999999999837       4.396590360066675
1.7999999999999836       4.407006620369727
1.8049999999999835       4.417453276881303
1.8099999999999834       4.427930374704281
1.8149999999999833       4.4384379592638785
1.8199999999999832       4.44897607630724
1.824999999999983       4.4595447719030625
1.829999999999983       4.470144092441185
1.8349999999999829       4.4807740846322135
1.8399999999999828       4.4914347955071205
1.8449999999999827       4.502126272416878
1.8499999999999825       4.512848563032054
1.8549999999999824       4.523601715342455
1.8599999999999823       4.534385777656736
1.8649999999999822       4.545200798602032
1.8699999999999821       4.556046827123587
1.874999999999982       4.566923912484381
1.879999999999982       4.577832104264772
1.8849999999999818       4.588771452362134
1.8899999999999817       4.599742006990491
1.8949999999999816       4.610743818680165
1.8999999999999815       4.621776938277428
1.9049999999999814       4.632841416944144
1.9099999999999813       4.643937306157428
1.9149999999999812       4.655064657709301
1.919999999999981       4.666223523706353
1.924999999999981       4.677413956569403
1.9299999999999808       4.688636009033168
1.9349999999999807       4.699889734145928
1.9399999999999806       4.711175185269211
1.9449999999999805       4.722492416077463
1.9499999999999804       4.733841480557728
1.9549999999999803       4.745222433009334
1.9599999999999802       4.756635328043585
1.96499999999998       4.76808022058345
1.96999999999998       4.779557165863252
1.9749999999999799       4.79106621942838
1.9799999999999798       4.802607437134983
1.9849999999999797       4.81418087514968
1.9899999999999796       4.82578658994927
1.9949999999999795       4.837424638320444
1.9999999999999793       4.84909507735951
2.0049999999999795       4.860797964472108
2.0099999999999794       4.872533357372941
2.0149999999999793       4.884301314085503
2.019999999999979       4.896101892941814
2.024999999999979       4.907935152582156
2.029999999999979       4.919801151954818
2.034999999999979       4.931699950315847
2.0399999999999787       4.943631607228784
2.0449999999999786       4.95559618256443
2.0499999999999785       4.967593736500604
2.0549999999999784       4.979624329521902
2.0599999999999783       4.991688022419464
2.064999999999978       5.003784876290748
2.069999999999978       5.015914952539302
2.074999999999978       5.028078312874548
2.079999999999978       5.040275019311558
2.0849999999999778       5.052505134170849
2.0899999999999777       5.064768720078174
2.0949999999999775       5.077065839964314
2.0999999999999774       5.089396557064886
2.1049999999999773       5.101760934920139
2.1099999999999772       5.1141590373747725
2.114999999999977       5.126590928577744
2.119999999999977       5.13905667298209
2.124999999999977       5.151556335344748
2.129999999999977       5.16408998072638
2.1349999999999767       5.176657674491209
2.1399999999999766       5.189259482306852
2.1449999999999765       5.201895470144158
2.1499999999999764       5.214565704277057
2.1549999999999763       5.2272702512824
2.159999999999976       5.240009178039824
2.164999999999976       5.252782551731603
2.169999999999976       5.265590439842508
2.174999999999976       5.278432910159677
2.1799999999999757       5.2913100307724825
2.1849999999999756       5.304221870072417
2.1899999999999755       5.317168496752954
2.1949999999999754       5.330149979809453
2.1999999999999753       5.343166388539031
2.204999999999975       5.356217792540471
2.209999999999975       5.3693042617141025
2.214999999999975       5.382425866261722
2.219999999999975       5.395582676686487
2.2249999999999748       5.408774763792827
2.2299999999999747       5.4220021986863705
2.2349999999999746       5.435265052773851
2.2399999999999745       5.44856339776304
2.2449999999999743       5.461897305662674
2.2499999999999742       5.475266848782392
2.254999999999974       5.488672099732662
2.259999999999974       5.50211313142474
2.264999999999974       5.5155900170706
2.269999999999974       5.529102830182897
2.2749999999999737       5.542651644574925
2.2799999999999736       5.556236534360563
2.2849999999999735       5.569857573954257
2.2899999999999734       5.583514838070977
2.2949999999999733       5.597208401726198
2.299999999999973       5.610938340235877
2.304999999999973       5.624704729216432
2.309999999999973       5.6385076445847355
2.314999999999973       5.652347162558104
2.3199999999999728       5.666223359654291
2.3249999999999726       5.68013631269149
2.3299999999999725       5.694086098788347
2.3349999999999724       5.708072795363957
2.3399999999999723       5.722096480137888
2.344999999999972       5.736157231130199
2.349999999999972       5.750255126661456
2.354999999999972       5.764390245352769
2.359999999999972       5.778562666125815
2.364999999999972       5.792772468202886
2.3699999999999717       5.807019731106917
2.3749999999999716       5.821304534661537
2.3799999999999715       5.835626958991128
2.3849999999999714       5.849987084520863
2.3899999999999713       5.86438499197677
2.394999999999971       5.878820762385806
2.399999999999971       5.8932944770759095
2.404999999999971       5.907806217676081
2.409999999999971       5.9223560661164525
2.4149999999999707       5.93694410462838
2.4199999999999706       5.951570415744514
2.4249999999999705       5.966235082298901
2.4299999999999704       5.980938187427072
2.4349999999999703       5.995679814566136
2.43999999999997       6.0104600474548935
2.44499999999997       6.025278970133934
2.44999999999997       6.040136666945752
2.45499999999997       6.055033222534859
2.4599999999999698       6.069968721847911
2.4649999999999697       6.084943250133818
2.4699999999999696       6.099956892943888
2.4749999999999694       6.115009736131955
2.4799999999999693       6.130101865854508
2.4849999999999692       6.145233368570848
2.489999999999969       6.160404331043216
2.494999999999969       6.175614840336956
2.499999999999969       6.190864983820667
2.504999999999969       6.206154849166356
2.5099999999999687       6.221484524349605
2.5149999999999686       6.236854097649738
2.5199999999999685       6.252263657649996
2.5249999999999684       6.267713293237699
2.5299999999999683       6.283203093604441
2.534999999999968       6.298733148246268
2.539999999999968       6.314303546963865
2.544999999999968       6.3299143798627515
2.549999999999968       6.345565737353471
2.5549999999999677       6.3612577101518015
2.5599999999999676       6.376990389278952
2.5649999999999675       6.392763866061781
2.5699999999999674       6.4085782321329985
2.5749999999999673       6.4244335794313905
2.579999999999967       6.440330000202041
2.584999999999967       6.456267586996554
2.589999999999967       6.472246432673286
2.594999999999967       6.488266630397579
2.599999999999967       6.504328273641996
2.6049999999999667       6.520431456186572
2.6099999999999666       6.53657627211905
2.6149999999999665       6.552762815835134
2.6199999999999664       6.568991182038746
2.6249999999999662       6.5852614657422865
2.629999999999966       6.601573762266892
2.634999999999966       6.6179281672427
2.639999999999966       6.634324776609129
2.644999999999966       6.650763686615144
2.6499999999999657       6.667244993819541
2.6549999999999656       6.683768795091223
2.6599999999999655       6.700335187609499
2.6649999999999654       6.716944268864359
2.6699999999999653       6.733596136656783
2.674999999999965       6.750290889099029
2.679999999999965       6.767028624614942
2.684999999999965       6.783809441940261
2.689999999999965       6.800633440122926
2.6949999999999648       6.817500718523392
2.6999999999999647       6.8344113768149555
2.7049999999999645       6.8513655149840655
2.7099999999999644       6.86836323333066
2.7149999999999643       6.885404632468489
2.7199999999999642       6.90248981332546
2.724999999999964       6.919618877143956
2.729999999999964       6.9367919254812
2.734999999999964       6.954009060209584
2.739999999999964       6.971270383517032
2.7449999999999637       6.988575997907342
2.7499999999999636       7.005926006200552
2.7549999999999635       7.023320511533298
2.7599999999999634       7.040759617359182
2.7649999999999633       7.058243427449133
2.769999999999963       7.075772045891793
2.774999999999963       7.093345577093884
2.779999999999963       7.110964125780586
2.784999999999963       7.128627796995938
2.7899999999999627       7.146336696103208
2.7949999999999626       7.164090928785295
2.7999999999999625       7.181890601045114
2.8049999999999624       7.19973581920602
2.8099999999999623       7.217626689912181
2.814999999999962       7.235563320129003
2.819999999999962       7.253545817143539
2.824999999999962       7.271574288564907
2.829999999999962       7.289648842324689
2.8349999999999618       7.307769586677383
2.8399999999999617       7.325936630200802
2.8449999999999616       7.344150081796524
2.8499999999999615       7.3624100506903085
2.8549999999999613       7.380716646432546
2.8599999999999612       7.399069978898696
2.864999999999961       7.417470158289724
2.869999999999961       7.435917295132558
2.874999999999961       7.454411500280541
2.879999999999961       7.472952884913872
2.8849999999999607       7.491541560540098
2.8899999999999606       7.510177638994529
2.8949999999999605       7.528861232440741
2.8999999999999604       7.547592453371049
2.9049999999999603       7.5663714146069445
2.90999999999996       7.585198229299611
2.91499999999996       7.604073010930385
2.91999999999996       7.622995873311246
2.92499999999996       7.641966930585301
2.9299999999999597       7.660986297227286
2.9349999999999596       7.680054088044051
2.9399999999999595       7.699170418175062
2.9449999999999594       7.7183354030929054
2.9499999999999593       7.737549158603796
2.954999999999959       7.756811800848084
2.959999999999959       7.77612344630076
2.964999999999959       7.7954842117719965
2.969999999999959       7.81489421440764
2.974999999999959       7.834353571689749
2.9799999999999587       7.853862401437128
2.9849999999999586       7.873420821805843
2.9899999999999585       7.8930289512897644
2.9949999999999584       7.912686908721114
2.9999999999999583       7.932394813270985
3.004999999999958       7.952152784449909
3.009999999999958       7.971960942108392
3.014999999999958       7.991819406437469
3.019999999999958       8.011728297969267
3.0249999999999577       8.031687737577554
3.0299999999999576       8.051697846478307
3.0349999999999575       8.07175874623028
3.0399999999999574       8.091870558735566
3.0449999999999573       8.112033406240183
3.049999999999957       8.132247411334637
3.054999999999957       8.152512696954513
3.059999999999957       8.17282938638105
3.064999999999957       8.19319760324174
3.0699999999999568       8.2136174715109
3.0749999999999567       8.234089115510287
3.0799999999999566       8.25461265990968
3.0849999999999564       8.27518822972749
3.0899999999999563       8.295815950331356
3.0949999999999562       8.316495947438762
3.099999999999956       8.337228347117641
3.104999999999956       8.358013275786993
3.109999999999956       8.378850860217504
3.114999999999956       8.399741227532163
3.1199999999999557       8.420684505206898
3.1249999999999556       8.441680821071182
3.1299999999999555       8.46273030330869
3.1349999999999554       8.48383308045792
3.1399999999999553       8.504989281412838
3.144999999999955       8.526199035423504
3.149999999999955       8.547462472096745
3.154999999999955       8.568779721396782
3.159999999999955       8.590150913645882
3.1649999999999547       8.611576179525029
3.1699999999999546       8.633055650074573
3.1749999999999545       8.654589456694886
3.1799999999999544       8.676177731147039
3.1849999999999543       8.697820605553467
3.189999999999954       8.719518212398642
3.194999999999954       8.741270684529738
3.199999999999954       8.76307815515733
3.204999999999954       8.784940757856058
3.209999999999954       8.806858626565324
3.2149999999999537       8.828831895589976
3.2199999999999536       8.850860699601004
3.2249999999999535       8.872945173636227
3.2299999999999534       8.895085453101006
3.2349999999999532       8.91728167376893
3.239999999999953       8.93953397178254
3.244999999999953       8.961842483654024
3.249999999999953       8.984207346265928
3.254999999999953       9.006628696871887
3.2599999999999527       9.029106673097335
3.2649999999999526       9.051641412940217
3.2699999999999525       9.074233054771733
3.2749999999999524       9.096881737337055
3.2799999999999523       9.119587599756064
3.284999999999952       9.142350781524087
3.289999999999952       9.16517142251263
3.294999999999952       9.188049662970121
3.299999999999952       9.210985643522669
3.3049999999999518       9.233979505174787
3.3099999999999516       9.257031389310177
3.3149999999999515       9.280141437692446
3.3199999999999514       9.303309792465909
3.3249999999999513       9.32653659615631
3.329999999999951       9.34982199167162
3.334999999999951       9.373166122302779
3.339999999999951       9.396569131724494
3.344999999999951       9.420031163995985
3.349999999999951       9.44355236356179
3.3549999999999507       9.467132875252537
3.3599999999999506       9.490772844285718
3.3649999999999505       9.514472416266496
3.3699999999999504       9.538231737188486
3.3749999999999503       9.56205095343455
3.37999999999995       9.5859302117776
3.38499999999995       9.609869659381392
3.38999999999995       9.633869443801341
3.39499999999995       9.657929712985323
3.3999999999999497       9.682050615274482
3.4049999999999496       9.706232299404054
3.4099999999999495       9.73047491450418
3.4149999999999494       9.754778610100725
3.4199999999999493       9.779143536116111
3.424999999999949       9.80356984287013
3.429999999999949       9.828057681080793
3.434999999999949       9.85260720186515
3.439999999999949       9.877218556740134
3.4449999999999488       9.901891897623402
3.4499999999999487       9.926627376834174
3.4549999999999486       9.951425147094087
3.4599999999999485       9.97628536152805
3.4649999999999483       10.001208173665074
3.4699999999999482       10.02619373743916
3.474999999999948       10.051242207190143
3.479999999999948       10.076353737664554
3.484999999999948       10.1015284840165
3.489999999999948       10.126766601808512
3.4949999999999477       10.152068247012451
3.4999999999999476       10.177433576010348
3.5049999999999475       10.202862745595317
3.5099999999999474       10.228355912972413
3.5149999999999473       10.25391323575954
3.519999999999947       10.279534871988323
3.524999999999947       10.305220980105007
3.529999999999947       10.33097171897137
3.534999999999947       10.356787247865588
3.5399999999999467       10.382667726483183
3.5449999999999466       10.408613314937881
3.5499999999999465       10.434624173762561
3.5549999999999464       10.460700463910147
3.5599999999999463       10.486842346754532
3.564999999999946       10.513049984091493
3.569999999999946       10.539323538139625
3.574999999999946       10.565663171541246
3.579999999999946       10.592069047363347
3.584999999999946       10.618541329098518
3.5899999999999457       10.645080180665879
3.5949999999999456       10.671685766412018
3.5999999999999455       10.698358251111957
3.6049999999999454       10.725097799970058
3.6099999999999453       10.751904578621005
3.614999999999945       10.778778753130748
3.619999999999945       10.805720489997453
3.624999999999945       10.832729956152455
3.629999999999945       10.859807318961247
3.6349999999999447       10.886952746224415
3.6399999999999446       10.914166406178628
3.6449999999999445       10.941448467497597
3.6499999999999444       10.968799099293063
3.6549999999999443       10.996218471115766
3.659999999999944       11.023706752956423
3.664999999999944       11.051264115246738
3.669999999999944       11.078890728860362
3.674999999999944       11.106586765113898
3.6799999999999438       11.134352395767905
3.6849999999999437       11.162187793027876
3.6899999999999435       11.19009312954526
3.6949999999999434       11.21806857841846
3.6999999999999433       11.246114313193836
3.7049999999999432       11.274230507866726
3.709999999999943       11.302417336882462
3.714999999999943       11.33067497513738
3.719999999999943       11.35900359797985
3.724999999999943       11.387403381211298
3.7299999999999427       11.415874501087238
3.7349999999999426       11.444417134318302
3.7399999999999425       11.473031458071274
3.7449999999999424       11.501717649970136
3.7499999999999423       11.530475888097097
3.754999999999942       11.55930635099366
3.759999999999942       11.588209217661644
3.764999999999942       11.617184667564258
3.769999999999942       11.646232880627153
3.7749999999999417       11.67535403723947
3.7799999999999416       11.704548318254922
3.7849999999999415       11.733815904992834
3.7899999999999414       11.763156979239232
3.7949999999999413       11.79257172324792
3.799999999999941       11.822060319741537
3.804999999999941       11.851622951912645
3.809999999999941       11.881259803424822
3.814999999999941       11.910971058413727
3.8199999999999408       11.940756901488214
3.8249999999999407       11.97061751773141
3.8299999999999406       12.00055309270181
3.8349999999999405       12.030563812434387
3.8399999999999403       12.060649863441691
3.8449999999999402       12.090811432714949
3.84999999999994       12.121048707725187
3.85499999999994       12.151361876424339
3.85999999999994       12.18175112724636
3.86499999999994       12.212216649108344
3.8699999999999397       12.242758631411666
3.8749999999999396       12.273377264043095
3.8799999999999395       12.30407273737592
3.8849999999999394       12.334845242271093
3.8899999999999393       12.365694970078366
3.894999999999939       12.396622112637434
3.899999999999939       12.427626862279078
3.904999999999939       12.458709411826305
3.909999999999939       12.489869954595516
3.9149999999999388       12.521108684397646
3.9199999999999386       12.552425795539328
3.9249999999999385       12.58382148282406
3.9299999999999384       12.615295941553374
3.9349999999999383       12.646849367527977
3.939999999999938       12.67848195704896
3.944999999999938       12.710193906918956
3.949999999999938       12.741985414443317
3.954999999999938       12.77385667743131
3.959999999999938       12.80580789419729
3.9649999999999377       12.837839263561898
3.9699999999999376       12.869950984853245
3.9749999999999375       12.902143257908133
3.9799999999999374       12.934416283073228
3.9849999999999373       12.966770261206273
3.989999999999937       12.999205393677315
3.994999999999937       13.031721882369883
3.999999999999937       13.064319929682227
4.004999999999937       13.096999738528536
4.009999999999937       13.129761512340142
4.014999999999937       13.16260545506677
4.0199999999999365       13.19553177117774
4.024999999999936       13.228540665663235
4.029999999999936       13.261632344035503
4.034999999999936       13.294807012330102
4.039999999999936       13.328064877107185
4.044999999999936       13.361406145452685
4.049999999999936       13.394831024979608
4.054999999999936       13.42833972382928
4.059999999999936       13.461932450672585
4.0649999999999356       13.495609414711259
4.0699999999999354       13.529370825679134
4.074999999999935       13.56321689384341
4.079999999999935       13.597147830005927
4.084999999999935       13.63116384550444
4.089999999999935       13.66526515221392
4.094999999999935       13.699451962547808
4.099999999999935       13.733724489459311
4.104999999999935       13.7680829464427
4.109999999999935       13.802527547534604
4.1149999999999345       13.837058507315305
4.119999999999934       13.871676040910039
4.124999999999934       13.912897161051234
4.129999999999934       13.912897161051234
4.134999999999934       13.912897161051234
4.139999999999934       13.912897161051234
4.144999999999934       13.912897161051234
4.149999999999934       13.912897161051234
4.154999999999934       13.912897161051234
4.1599999999999335       13.912897161051234
4.164999999999933       13.912897161051234
4.169999999999933       13.912897161051234
4.174999999999933       13.912897161051234
4.179999999999933       13.912897161051234
4.184999999999933       13.912897161051234
4.189999999999933       13.912897161051234
4.194999999999933       13.912897161051234
4.199999999999933       13.912897161051234
4.204999999999933       13.912897161051234
4.2099999999999325       13.912897161051234
4.214999999999932       13.912897161051234
4.219999999999932       13.912897161051234
4.224999999999932       13.912897161051234
4.229999999999932       13.912897161051234
4.234999999999932       13.912897161051234
4.239999999999932       13.912897161051234
4.244999999999932       13.912897161051234
4.249999999999932       13.912897161051234
4.2549999999999315       13.912897161051234
4.259999999999931       13.912897161051234
4.264999999999931       13.912897161051234
4.269999999999931       13.912897161051234
4.274999999999931       13.912897161051234
4.279999999999931       13.912897161051234
4.284999999999931       13.912897161051234
4.289999999999931       13.912897161051234
4.294999999999931       13.912897161051234
4.2999999999999305       13.912897161051234
4.30499999999993       13.912897161051234
4.30999999999993       13.912897161051234
4.31499999999993       13.912897161051234
4.31999999999993       13.912897161051234
4.32499999999993       13.912897161051234
4.32999999999993       13.912897161051234
4.33499999999993       13.912897161051234
4.33999999999993       13.912897161051234
4.34499999999993       13.912897161051234
4.3499999999999295       13.912897161051234
4.354999999999929       13.912897161051234
4.359999999999929       13.912897161051234
4.364999999999929       13.912897161051234
4.369999999999929       13.912897161051234
4.374999999999929       13.912897161051234
4.379999999999929       13.912897161051234
4.384999999999929       13.912897161051234
4.389999999999929       13.912897161051234
4.3949999999999285       13.912897161051234
4.399999999999928       13.912897161051234
4.404999999999928       13.912897161051234
4.409999999999928       13.912897161051234
4.414999999999928       13.912897161051234
4.419999999999928       13.912897161051234
4.424999999999928       13.912897161051234
4.429999999999928       13.912897161051234
4.434999999999928       13.912897161051234
4.439999999999928       13.912897161051234
4.4449999999999275       13.912897161051234
4.449999999999927       13.912897161051234
4.454999999999927       13.912897161051234
4.459999999999927       13.912897161051234
4.464999999999927       13.912897161051234
4.469999999999927       13.912897161051234
4.474999999999927       13.912897161051234
4.479999999999927       13.912897161051234
4.484999999999927       13.912897161051234
4.4899999999999265       13.912897161051234
4.494999999999926       13.912897161051234
4.499999999999926       13.912897161051234
4.504999999999926       13.912897161051234
4.509999999999926       13.912897161051234
4.514999999999926       13.912897161051234
4.519999999999926       13.912897161051234
4.524999999999926       13.912897161051234
4.529999999999926       13.912897161051234
4.5349999999999255       13.912897161051234
4.539999999999925       13.912897161051234
4.544999999999925       13.912897161051234
4.549999999999925       13.912897161051234
4.554999999999925       13.912897161051234
4.559999999999925       13.912897161051234
4.564999999999925       13.912897161051234
4.569999999999925       13.912897161051234
4.574999999999925       13.912897161051234
4.579999999999925       13.912897161051234
4.5849999999999245       13.912897161051234
4.589999999999924       13.912897161051234
4.594999999999924       13.912897161051234
4.599999999999924       13.912897161051234
4.604999999999924       13.912897161051234
4.609999999999924       13.912897161051234
4.614999999999924       13.912897161051234
4.619999999999924       13.912897161051234
4.624999999999924       13.912897161051234
4.6299999999999235       13.912897161051234
4.634999999999923       13.912897161051234
4.639999999999923       13.912897161051234
4.644999999999923       13.912897161051234
4.649999999999923       13.912897161051234
4.654999999999923       13.912897161051234
4.659999999999923       13.912897161051234
4.664999999999923       13.912897161051234
4.669999999999923       13.912897161051234
4.6749999999999226       13.912897161051234
4.6799999999999224       13.912897161051234
4.684999999999922       13.912897161051234
4.689999999999922       13.912897161051234
4.694999999999922       13.912897161051234
4.699999999999922       13.912897161051234
4.704999999999922       13.912897161051234
4.709999999999922       13.912897161051234
4.714999999999922       13.912897161051234
4.719999999999922       13.912897161051234
4.7249999999999215       13.912897161051234
4.729999999999921       13.912897161051234
4.734999999999921       13.912897161051234
4.739999999999921       13.912897161051234
4.744999999999921       13.912897161051234
4.749999999999921       13.912897161051234
4.754999999999921       13.912897161051234
4.759999999999921       13.912897161051234
4.764999999999921       13.912897161051234
4.7699999999999205       13.912897161051234
4.77499999999992       13.912897161051234
4.77999999999992       13.912897161051234
4.78499999999992       13.912897161051234
4.78999999999992       13.912897161051234
4.79499999999992       13.912897161051234
4.79999999999992       13.912897161051234
4.80499999999992       13.912897161051234
4.80999999999992       13.912897161051234
4.81499999999992       13.912897161051234
4.8199999999999195       13.912897161051234
4.824999999999919       13.912897161051234
4.829999999999919       13.912897161051234
4.834999999999919       13.912897161051234
4.839999999999919       13.912897161051234
4.844999999999919       13.912897161051234
4.849999999999919       13.912897161051234
4.854999999999919       13.912897161051234
4.859999999999919       13.912897161051234
4.8649999999999185       13.912897161051234
4.869999999999918       13.912897161051234
4.874999999999918       13.912897161051234
4.879999999999918       13.912897161051234
4.884999999999918       13.912897161051234
4.889999999999918       13.912897161051234
4.894999999999918       13.912897161051234
4.899999999999918       13.912897161051234
4.904999999999918       13.912897161051234
4.9099999999999175       13.912897161051234
4.914999999999917       13.912897161051234
4.919999999999917       13.912897161051234
4.924999999999917       13.912897161051234
4.929999999999917       13.912897161051234
4.934999999999917       13.912897161051234
4.939999999999917       13.912897161051234
4.944999999999917       13.912897161051234
4.949999999999917       13.912897161051234
4.954999999999917       13.912897161051234
4.9599999999999165       13.912897161051234
4.964999999999916       13.912897161051234
4.969999999999916       13.912897161051234
4.974999999999916       13.912897161051234
4.979999999999916       13.912897161051234
4.984999999999916       13.912897161051234
4.989999999999916       13.912897161051234
4.994999999999916       13.912897161051234
4.999999999999916       13.912897161051234
5.0049999999999155       13.912897161051234
5.009999999999915       13.912897161051234
5.014999999999915       13.912897161051234
5.019999999999915       13.912897161051234
5.024999999999915       13.912897161051234
5.029999999999915       13.912897161051234
5.034999999999915       13.912897161051234
5.039999999999915       13.912897161051234
5.044999999999915       13.912897161051234
5.049999999999915       13.912897161051234
5.0549999999999145       13.912897161051234
5.059999999999914       13.912897161051234
5.064999999999914       13.912897161051234
5.069999999999914       13.912897161051234
5.074999999999914       13.912897161051234
5.079999999999914       13.912897161051234
5.084999999999914       13.912897161051234
5.089999999999914       13.912897161051234
5.094999999999914       13.912897161051234
5.0999999999999135       13.912897161051234
5.104999999999913       13.912897161051234
5.109999999999913       13.912897161051234
5.114999999999913       13.912897161051234
5.119999999999913       13.912897161051234
5.124999999999913       13.912897161051234
5.129999999999913       13.912897161051234
5.134999999999913       13.912897161051234
5.139999999999913       13.912897161051234
5.1449999999999125       13.912897161051234
5.149999999999912       13.912897161051234
5.154999999999912       13.912897161051234
5.159999999999912       13.912897161051234
5.164999999999912       13.912897161051234
5.169999999999912       13.912897161051234
5.174999999999912       13.912897161051234
5.179999999999912       13.912897161051234
5.184999999999912       13.912897161051234
5.189999999999912       13.912897161051234
5.1949999999999115       13.912897161051234
5.199999999999911       13.912897161051234
5.204999999999911       13.912897161051234
5.209999999999911       13.912897161051234
5.214999999999911       13.912897161051234
5.219999999999911       13.912897161051234
5.224999999999911       13.912897161051234
5.229999999999911       13.912897161051234
5.234999999999911       13.912897161051234
5.2399999999999105       13.912897161051234
5.24499999999991       13.912897161051234
5.24999999999991       13.912897161051234
5.25499999999991       13.912897161051234
5.25999999999991       13.912897161051234
5.26499999999991       13.912897161051234
5.26999999999991       13.912897161051234
5.27499999999991       13.912897161051234
5.27999999999991       13.912897161051234
5.2849999999999095       13.912897161051234
5.289999999999909       13.912897161051234
5.294999999999909       13.912897161051234
5.299999999999909       13.912897161051234
5.304999999999909       13.912897161051234
5.309999999999909       13.912897161051234
5.314999999999909       13.912897161051234
5.319999999999909       13.912897161051234
5.324999999999909       13.912897161051234
5.329999999999909       13.912897161051234
5.3349999999999085       13.912897161051234
5.339999999999908       13.912897161051234
5.344999999999908       13.912897161051234
5.349999999999908       13.912897161051234
5.354999999999908       13.912897161051234
5.359999999999908       13.912897161051234
5.364999999999908       13.912897161051234
5.369999999999908       13.912897161051234
5.374999999999908       13.912897161051234
5.3799999999999075       13.912897161051234
5.384999999999907       13.912897161051234
5.389999999999907       13.912897161051234
5.394999999999907       13.912897161051234
5.399999999999907       13.912897161051234
5.404999999999907       13.912897161051234
5.409999999999907       13.912897161051234
5.414999999999907       13.912897161051234
5.419999999999907       13.912897161051234
5.424999999999907       13.912897161051234
5.4299999999999065       13.912897161051234
5.434999999999906       13.912897161051234
5.439999999999906       13.912897161051234
5.444999999999906       13.912897161051234
5.449999999999906       13.912897161051234
5.454999999999906       13.912897161051234
5.459999999999906       13.912897161051234
5.464999999999906       13.912897161051234
5.469999999999906       13.912897161051234
5.4749999999999055       13.912897161051234
5.479999999999905       13.912897161051234
5.484999999999905       13.912897161051234
5.489999999999905       13.912897161051234
5.494999999999905       13.912897161051234
5.499999999999905       13.912897161051234
5.504999999999905       13.912897161051234
5.509999999999905       13.912897161051234
5.514999999999905       13.912897161051234
5.5199999999999045       13.912897161051234
5.524999999999904       13.912897161051234
5.529999999999904       13.912897161051234
5.534999999999904       13.912897161051234
5.539999999999904       13.912897161051234
5.544999999999904       13.912897161051234
5.549999999999904       13.912897161051234
5.554999999999904       13.912897161051234
5.559999999999904       13.912897161051234
5.564999999999904       13.912897161051234
5.5699999999999035       13.912897161051234
5.574999999999903       13.912897161051234
5.579999999999903       13.912897161051234
5.584999999999903       13.912897161051234
5.589999999999903       13.912897161051234
5.594999999999903       13.912897161051234
5.599999999999903       13.912897161051234
5.604999999999903       13.912897161051234
5.609999999999903       13.912897161051234
5.6149999999999025       13.912897161051234
5.619999999999902       13.912897161051234
5.624999999999902       13.912897161051234
5.629999999999902       13.912897161051234
5.634999999999902       13.912897161051234
5.639999999999902       13.912897161051234
5.644999999999902       13.912897161051234
5.649999999999902       13.912897161051234
5.654999999999902       13.912897161051234
5.6599999999999016       13.912897161051234
5.6649999999999014       13.912897161051234
5.669999999999901       13.912897161051234
5.674999999999901       13.912897161051234
5.679999999999901       13.912897161051234
5.684999999999901       13.912897161051234
5.689999999999901       13.912897161051234
5.694999999999901       13.912897161051234
5.699999999999901       13.912897161051234
5.704999999999901       13.912897161051234
5.7099999999999005       13.912897161051234
5.7149999999999       13.912897161051234
5.7199999999999       13.912897161051234
5.7249999999999       13.912897161051234
5.7299999999999       13.912897161051234
5.7349999999999       13.912897161051234
5.7399999999999       13.912897161051234
5.7449999999999       13.912897161051234
5.7499999999999       13.912897161051234
5.7549999999998995       13.912897161051234
5.759999999999899       13.912897161051234
5.764999999999899       13.912897161051234
5.769999999999899       13.912897161051234
5.774999999999899       13.912897161051234
5.779999999999899       13.912897161051234
5.784999999999899       13.912897161051234
5.789999999999899       13.912897161051234
5.794999999999899       13.912897161051234
5.799999999999899       13.912897161051234
5.8049999999998985       13.912897161051234
5.809999999999898       13.912897161051234
5.814999999999898       13.912897161051234
5.819999999999898       13.912897161051234
5.824999999999898       13.912897161051234
5.829999999999898       13.912897161051234
5.834999999999898       13.912897161051234
5.839999999999898       13.912897161051234
5.844999999999898       13.912897161051234
5.8499999999998975       13.912897161051234
5.854999999999897       13.912897161051234
5.859999999999897       13.912897161051234
5.864999999999897       13.912897161051234
5.869999999999897       13.912897161051234
5.874999999999897       13.912897161051234
5.879999999999897       13.912897161051234
5.884999999999897       13.912897161051234
5.889999999999897       13.912897161051234
5.8949999999998965       13.912897161051234
5.899999999999896       13.912897161051234
5.904999999999896       13.912897161051234
5.909999999999896       13.912897161051234
5.914999999999896       13.912897161051234
5.919999999999896       13.912897161051234
5.924999999999896       13.912897161051234
5.929999999999896       13.912897161051234
5.934999999999896       13.912897161051234
5.939999999999896       13.912897161051234
5.9449999999998955       13.912897161051234
5.949999999999895       13.912897161051234
5.954999999999895       13.912897161051234
5.959999999999895       13.912897161051234
5.964999999999895       13.912897161051234
5.969999999999895       13.912897161051234
5.974999999999895       13.912897161051234
5.979999999999895       13.912897161051234
5.984999999999895       13.912897161051234
5.9899999999998945       13.912897161051234
5.994999999999894       13.912897161051234
5.999999999999894       13.912897161051234
6.004999999999894       13.912897161051234
