0.005        5.000187498046948
0.01        5.000624984377226
0.015        5.00131243712916
0.02        5.002249821973156
0.025        5.003437092144293
0.030000000000000002        5.00487418848668
0.035        5.006561039509536
0.04        5.008497561454899
0.045        5.010683658376868
0.049999999999999996        5.0131192222322625
0.05499999999999999        5.015804132982562
0.05999999999999999        5.01873825870699
0.06499999999999999        5.021921455726568
0.06999999999999999        5.025353568738971
0.075        5.0290344309639705
0.08        5.032963864299293
0.085        5.0371416794866395
0.09000000000000001        5.041567676287644
0.09500000000000001        5.04624164366954
0.10000000000000002        5.051163360000239
0.10500000000000002        5.056332593252593
0.11000000000000003        5.061749101217534
0.11500000000000003        5.0674126317258
0.12000000000000004        5.07332292287797
0.12500000000000003        5.079479703282469
0.13000000000000003        5.085882692301244
0.13500000000000004        5.09253160030279
0.14000000000000004        5.099426128922188
0.14500000000000005        5.106565971327814
0.15000000000000005        5.1139508124944
0.15500000000000005        5.121580329482068
0.16000000000000006        5.129454191721026
0.16500000000000006        5.137572061301547
0.17000000000000007        5.145933593268884
0.17500000000000007        5.154538435922776
0.18000000000000008        5.163386231121178
0.18500000000000008        5.172476614587864
0.19000000000000009        5.18180921622355
0.1950000000000001        5.191383660420177
0.2000000000000001        5.201199566378019
0.2050000000000001        5.2112565484252364
0.2100000000000001        5.221554216339569
0.2150000000000001        5.232092175671789
0.2200000000000001        5.242870028070608
0.22500000000000012        5.2538873716086805
0.23000000000000012        5.265143801109394
0.23500000000000013        5.276638908474116
0.24000000000000013        5.2883722830095845
0.24500000000000013        5.300343511755137
0.2500000000000001        5.312552179809468
0.2550000000000001        5.324997870656635
0.2600000000000001        5.337680166491018
0.2650000000000001        5.350598648540948
0.27000000000000013        5.363752897390752
0.27500000000000013        5.377142493300949
0.28000000000000014        5.390767016526327
0.28500000000000014        5.404626047631691
0.29000000000000015        5.418719167805013
0.29500000000000015        5.433045959167793
0.30000000000000016        5.447606005082388
0.30500000000000016        5.462398890456128
0.31000000000000016        5.477424202042
0.31500000000000017        5.4926815287357424
0.3200000000000002        5.508170461869147
0.3250000000000002        5.523890595499417
0.3300000000000002        5.539841526694422
0.3350000000000002        5.5560228558137075
0.3400000000000002        5.57243418678511
0.3450000000000002        5.589075127376861
0.3500000000000002        5.605945289465058
0.3550000000000002        5.623044289296391
0.3600000000000002        5.640371747746031
0.3650000000000002        5.657927290570583
0.3700000000000002        5.675710548656023
0.3750000000000002        5.693721158260555
0.3800000000000002        5.7119587612522995
0.38500000000000023        5.730423005341793
0.39000000000000024        5.749113544309213
0.39500000000000024        5.768030038226312
0.40000000000000024        5.787172153673025
0.40500000000000025        5.806539563948707
0.41000000000000025        5.826131949278014
0.41500000000000026        5.845948997011377
0.42000000000000026        5.865990401820109
0.42500000000000027        5.886255865886101
0.43000000000000027        5.906745099086153
0.4350000000000003        5.927457819170933
0.4400000000000003        5.948393751938586
0.4450000000000003        5.969552631403029
0.4500000000000003        5.9909341999569445
0.4550000000000003        6.012538208529537
0.4600000000000003        6.034364416739051
0.4650000000000003        6.056412593040137
0.4700000000000003        6.078682514866086
0.4750000000000003        6.101173968765998
0.4800000000000003        6.123886750536943
0.4850000000000003        6.146820665351161
0.4900000000000003        6.169975527878378
0.49500000000000033        6.1933511624033075
0.5000000000000003        6.216947402938383
0.5050000000000003        6.240764093331828
0.5100000000000003        6.264801087371104
0.5150000000000003        6.289058248881845
0.5200000000000004        6.313535451822325
0.5250000000000004        6.3382325803735675
0.5300000000000004        6.363149529025164
0.5350000000000004        6.38828620265688
0.5400000000000004        6.413642516616158
0.5450000000000004        6.439218396791569
0.5500000000000004        6.4650137796823275
0.5550000000000004        6.491028612463951
0.5600000000000004        6.517262853050134
0.5650000000000004        6.54371647015096
0.5700000000000004        6.570389443327504
0.5750000000000004        6.597281763042947
0.5800000000000004        6.624393430710262
0.5850000000000004        6.65172445873659
0.5900000000000004        6.679274870564378
0.5950000000000004        6.707044700709367
0.6000000000000004        6.735033994795529
0.6050000000000004        6.763242809587038
0.6100000000000004        6.791671213017358
0.6150000000000004        6.820319284215542
0.6200000000000004        6.849187113529822
0.6250000000000004        6.8782748025485825
0.6300000000000004        6.907582464118805
0.6350000000000005        6.93711022236205
0.6400000000000005        6.9668582126880825
0.6450000000000005        6.996826581806211
0.6500000000000005        7.0270154877344195
0.6550000000000005        7.057425099806385
0.6600000000000005        7.088055598676437
0.6650000000000005        7.1189071763225655
0.6700000000000005        7.1499800360475305
0.6750000000000005        7.181274392478159
0.6800000000000005        7.212790471562898
0.6850000000000005        7.2445285105677115
0.6900000000000005        7.276488758070361
0.6950000000000005        7.30867147395318
0.7000000000000005        7.3410769293943785
0.7050000000000005        7.37370540685796
0.7100000000000005        7.406557200082313
0.7150000000000005        7.439632614067543
0.7200000000000005        7.472931965061611
0.7250000000000005        7.506455580545328
0.7300000000000005        7.540203799216285
0.7350000000000005        7.574176970971752
0.7400000000000005        7.608375456890637
0.7450000000000006        7.642799629214528
0.7500000000000006        7.6774498713278865
0.7550000000000006        7.712326577737464
0.7600000000000006        7.747430154050948
0.7650000000000006        7.7827610169549395
0.7700000000000006        7.8183195941922765
0.7750000000000006        7.854106324538763
0.7800000000000006        7.8901216577793525
0.7850000000000006        7.926366054683824
0.7900000000000006        7.962839986982004
0.7950000000000006        7.999543937338565
0.8000000000000006        8.036478399327457
0.8050000000000006        8.073643877405997
0.8100000000000006        8.111040886888663
0.8150000000000006        8.148669953920631
0.8200000000000006        8.186531615451104
0.8250000000000006        8.224626419206418
0.8300000000000006        8.262954923663038
0.8350000000000006        8.301517698020412
0.8400000000000006        8.340315322173739
0.8450000000000006        8.379348386686688
0.8500000000000006        8.418617492764092
0.8550000000000006        8.458123252224633
0.8600000000000007        8.497866287473567
0.8650000000000007        8.537847231475517
0.8700000000000007        8.578066727727327
0.8750000000000007        8.618525430231037
0.8800000000000007        8.659224003467001
0.8850000000000007        8.700163122367142
0.8900000000000007        8.741343472288388
0.8950000000000007        8.782765748986334
0.9000000000000007        8.82443065858908
0.9050000000000007        8.86633891757135
0.9100000000000007        8.908491252728838
0.9150000000000007        8.950888401152868
0.9200000000000007        8.993531110205305
0.9250000000000007        9.03642013749381
0.9300000000000007        9.079556250847412
0.9350000000000007        9.122940228292421
0.9400000000000007        9.166572858028701
0.9450000000000007        9.210454938406311
0.9500000000000007        9.254587277902536
0.9550000000000007        9.298970695099312
0.9600000000000007        9.343606018661061
0.9650000000000007        9.38849408731295
0.9700000000000008        9.433635749819569
0.9750000000000008        9.47903186496408
0.9800000000000008        9.524683301527784
0.9850000000000008        9.570590938270177
0.9900000000000008        9.616755663909457
0.9950000000000008        9.66317837710353
1.0000000000000007        9.70985998643148
1.0050000000000006        9.756801410375566
1.0100000000000005        9.804003577303673
1.0150000000000003        9.851467425452324
1.0200000000000002        9.899193902910168
1.0250000000000001        9.947183967602012
1.03        9.995438587273359
1.035        10.043958739475494
1.0399999999999998        10.0927454115511
1.0449999999999997        10.141799600620411
1.0499999999999996        10.191122313567917
1.0549999999999995        10.240714567029602
1.0599999999999994        10.290577387380758
1.0649999999999993        10.34071181072433
1.0699999999999992        10.39111888287983
1.074999999999999        10.441799659372819
1.079999999999999        10.492755205424931
1.0849999999999989        10.543986595944487
1.0899999999999987        10.595494915517648
1.0949999999999986        10.647281258400167
1.0999999999999985        10.699346728509687
1.1049999999999984        10.751692439418628
1.1099999999999983        10.804319514347625
1.1149999999999982        10.857229086159565
1.119999999999998        10.910422297354176
1.124999999999998        10.963900300063209
1.129999999999998        11.017664256046173
1.1349999999999978        11.071715336686667
1.1399999999999977        11.126054722989279
1.1449999999999976        11.180683605577048
1.1499999999999975        11.235603184689522
1.1549999999999974        11.290814670181373
1.1599999999999973        11.346319281521591
1.1649999999999971        11.402118247793263
1.169999999999997        11.458212807693895
1.174999999999997        11.514604209536339
1.1799999999999968        11.571293711250272
1.1849999999999967        11.628282580384246
1.1899999999999966        11.685572094108307
1.1949999999999965        11.743163539217191
1.1999999999999964        11.801058212134059
1.2049999999999963        11.85925741891484
1.2099999999999962        11.917762475253092
1.214999999999996        11.976574706485447
1.219999999999996        12.035695447597629
1.2249999999999959        12.095126043230989
1.2299999999999958        12.154867847689644
1.2349999999999957        12.214922224948136
1.2399999999999956        12.275290548659664
1.2449999999999954        12.335974202164847
1.2499999999999953        12.396974578501075
1.2549999999999952        12.45829308041235
1.2599999999999951        12.519931120359727
1.264999999999995        12.58189012053227
1.269999999999995        12.644171512858545
1.2749999999999948        12.706776739018677
1.2799999999999947        12.769707250456923
1.2849999999999946        12.832964508394786
1.2899999999999945        12.896549983844665
1.2949999999999944        12.960465157624036
1.2999999999999943        13.02471152037016
1.3049999999999942        13.089290572555317
1.309999999999994        13.154203824502572
1.314999999999994        13.219452796402052
1.3199999999999938        13.285039018327751
1.3249999999999937        13.35096403025486
1.3299999999999936        13.417229382077592
1.3349999999999935        13.483836633627547
1.3399999999999934        13.550787354692575
1.3449999999999933        13.618083125036145
1.3499999999999932        13.685725534417235
1.354999999999993        13.753716182610718
1.359999999999993        13.822056679428249
1.3649999999999929        13.890748644739665
1.3699999999999928        13.959793708494884
1.3749999999999927        14.029193510746284
1.3799999999999926        14.098949701671597
1.3849999999999925        14.16906394159728
1.3899999999999924        14.239537901022404
1.3949999999999922        14.310373260642995
1.3999999999999921        14.381571711376896
1.404999999999992        14.45313495438909
1.409999999999992        14.52506470111753
1.4149999999999918        14.597362673299425
1.4199999999999917        14.670030602998029
1.4249999999999916        14.743070232629886
1.4299999999999915        14.816483314992576
1.4349999999999914        14.890271613292915
1.4399999999999913        14.964436901175636
1.4449999999999912        15.03898096275254
1.449999999999991        15.11390559263211
1.454999999999991        15.189212595949607
1.4599999999999909        15.264903788397614
1.4649999999999908        15.340980996257057
1.4699999999999906        15.417446056428682
1.4749999999999905        15.494300816464992
1.4799999999999904        15.571547134602655
1.4849999999999903        15.649186879795346
1.4899999999999902        15.727221931747067
1.4949999999999901        15.805654180945915
1.49999999999999        15.884485528698299
1.50499999999999        15.963717887163611
1.5099999999999898        16.043353179389353
1.5149999999999897        16.123393339346702
1.5199999999999896        16.203840311966534
1.5249999999999895        16.28469605317588
1.5299999999999894        16.36596252993485
1.5349999999999893        16.447641720273975
1.5399999999999892        16.529735613332008
1.544999999999989        16.61224620939416
1.549999999999989        16.695175519930785
1.5549999999999888        16.77852556763649
1.5599999999999887        16.862298386469693
1.5649999999999886        16.946496021692607
1.5699999999999885        17.031120529911696
1.5749999999999884        17.116173979118496
1.5799999999999883        17.20165844873096
1.5849999999999882        17.287576029635144
1.589999999999988        17.373928824227402
1.594999999999988        17.460718946456964
1.5999999999999879        17.547948521868967
1.6049999999999878        17.635619687647907
1.6099999999999877        17.72373459266153
1.6149999999999876        17.81229539750512
1.6199999999999875        17.90130427454628
1.6249999999999873        17.990763407970046
1.6299999999999872        18.080674993824527
1.6349999999999871        18.171041240066884
1.639999999999987        18.26186436660981
1.644999999999987        18.35314660536835
1.6499999999999868        18.444890200307245
1.6549999999999867        18.537097407488595
1.6599999999999866        18.629770495120038
1.6649999999999865        18.72291174360328
1.6699999999999864        18.81652344558309
1.6749999999999863        18.910607905996702
1.6799999999999862        19.005167442123632
1.684999999999986        19.100204383635933
1.689999999999986        19.195721072648855
1.6949999999999859        19.29171986377193
1.6999999999999857        19.388203124160487
1.7049999999999856        19.485173233567565
1.7099999999999855        19.58263258439627
1.7149999999999854        19.68058358175253
1.7199999999999853        19.7790286434983
1.7249999999999852        19.877970200305146
1.729999999999985        19.977410695708283
1.734999999999985        20.077352586161005
1.739999999999985        20.177798341089563
1.7449999999999848        20.278750442948443
1.7499999999999847        20.380211387276056
1.7549999999999846        20.482183682750875
1.7599999999999845        20.58466985124797
1.7649999999999844        20.687672427895965
1.7699999999999843        20.79119396113442
1.7749999999999841        20.89523701277164
1.779999999999984        20.99980415804289
1.784999999999984        21.10489798566902
1.7899999999999838        21.21052109791556
1.7949999999999837        21.31667611065218
1.7999999999999836        21.423365653412596
1.8049999999999835        21.530592369454915
1.8099999999999834        21.638358915822355
1.8149999999999833        21.74666796340444
1.8199999999999832        21.855522196998585
1.824999999999983        21.964924315372105
1.829999999999983        22.074877031324682
1.8349999999999829        22.1853830717512
1.8399999999999828        22.296445177705053
1.8449999999999827        22.408066104461863
1.8499999999999825        22.520248621583605
1.8549999999999824        22.6329955129832
1.8599999999999823        22.746309576989493
1.8649999999999822        22.860193626412684
1.8699999999999821        22.974650488610177
1.874999999999982        23.08968300555286
1.879999999999982        23.205294033891825
1.8849999999999818        23.321486445025492
1.8899999999999817        23.438263125167207
1.8949999999999816        23.555626975413233
1.8999999999999815        23.67358091181119
1.9049999999999814        23.792127865428917
1.9099999999999813        23.911270782423813
1.9149999999999812        24.031012624112545
1.919999999999981        24.15135636704123
1.924999999999981        24.272305003056086
1.9299999999999808        24.393861539374445
1.9349999999999807        24.516028998656264
1.9399999999999806        24.638810419076073
1.9449999999999805        24.76220885439533
1.9499999999999804        24.886227374035254
1.9549999999999803        25.01086906315007
1.9599999999999802        25.136137022700755
1.96499999999998        25.26203436952913
1.96999999999998        25.388564236432504
1.9749999999999799        25.51572977223871
1.9799999999999798        25.643534141881595
1.9849999999999797        25.771980526476966
1.9899999999999796        25.901072123398993
1.9949999999999795        26.030812146357057
1.9999999999999793        26.16120382547305
2.0049999999999795        26.29225040735913
2.0099999999999794        26.423955155195955
2.0149999999999793        26.556321348811338
2.019999999999979        26.689352284759373
2.024999999999979        26.823051276400065
2.029999999999979        26.95742165397934
2.034999999999979        27.09246676470958
2.0399999999999787        27.228189972850622
2.0449999999999786        27.364594659791177
2.0499999999999785        27.501684224130763
2.0549999999999784        27.639462081762098
2.0599999999999783        27.77793166595393
2.064999999999978        27.86051890455619
2.069999999999978        27.86051890455619
2.074999999999978        27.86051890455619
2.079999999999978        27.86051890455619
2.0849999999999778        27.86051890455619
2.0899999999999777        27.86051890455619
2.0949999999999775        27.86051890455619
2.0999999999999774        27.86051890455619
2.1049999999999773        27.86051890455619
2.1099999999999772        27.86051890455619
2.114999999999977        27.86051890455619
2.119999999999977        27.86051890455619
2.124999999999977        27.86051890455619
2.129999999999977        27.86051890455619
2.1349999999999767        27.86051890455619
2.1399999999999766        27.86051890455619
2.1449999999999765        27.86051890455619
2.1499999999999764        27.86051890455619
2.1549999999999763        27.86051890455619
2.159999999999976        27.86051890455619
2.164999999999976        27.86051890455619
2.169999999999976        27.86051890455619
2.174999999999976        27.86051890455619
2.1799999999999757        27.86051890455619
2.1849999999999756        27.86051890455619
2.1899999999999755        27.86051890455619
2.1949999999999754        27.86051890455619
2.1999999999999753        27.86051890455619
2.204999999999975        27.86051890455619
2.209999999999975        27.86051890455619
2.214999999999975        27.86051890455619
2.219999999999975        27.86051890455619
2.2249999999999748        27.86051890455619
2.2299999999999747        27.86051890455619
2.2349999999999746        27.86051890455619
2.2399999999999745        27.86051890455619
2.2449999999999743        27.86051890455619
2.2499999999999742        27.86051890455619
2.254999999999974        27.86051890455619
2.259999999999974        27.86051890455619
2.264999999999974        27.86051890455619
2.269999999999974        27.86051890455619
2.2749999999999737        27.86051890455619
2.2799999999999736        27.86051890455619
2.2849999999999735        27.86051890455619
2.2899999999999734        27.86051890455619
2.2949999999999733        27.86051890455619
2.299999999999973        27.86051890455619
2.304999999999973        27.86051890455619
2.309999999999973        27.86051890455619
2.314999999999973        27.86051890455619
2.3199999999999728        27.86051890455619
2.3249999999999726        27.86051890455619
2.3299999999999725        27.86051890455619
2.3349999999999724        27.86051890455619
2.3399999999999723        27.86051890455619
2.344999999999972        27.86051890455619
2.349999999999972        27.86051890455619
2.354999999999972        27.86051890455619
2.359999999999972        27.86051890455619
2.364999999999972        27.86051890455619
2.3699999999999717        27.86051890455619
2.3749999999999716        27.86051890455619
2.3799999999999715        27.86051890455619
2.3849999999999714        27.86051890455619
2.3899999999999713        27.86051890455619
2.394999999999971        27.86051890455619
2.399999999999971        27.86051890455619
2.404999999999971        27.86051890455619
2.409999999999971        27.86051890455619
2.4149999999999707        27.86051890455619
2.4199999999999706        27.86051890455619
2.4249999999999705        27.86051890455619
2.4299999999999704        27.86051890455619
2.4349999999999703        27.86051890455619
2.43999999999997        27.86051890455619
2.44499999999997        27.86051890455619
2.44999999999997        27.86051890455619
2.45499999999997        27.86051890455619
2.4599999999999698        27.86051890455619
2.4649999999999697        27.86051890455619
2.4699999999999696        27.86051890455619
2.4749999999999694        27.86051890455619
2.4799999999999693        27.86051890455619
2.4849999999999692        27.86051890455619
2.489999999999969        27.86051890455619
2.494999999999969        27.86051890455619
2.499999999999969        27.86051890455619
2.504999999999969        27.86051890455619
2.5099999999999687        27.86051890455619
2.5149999999999686        27.86051890455619
2.5199999999999685        27.86051890455619
2.5249999999999684        27.86051890455619
2.5299999999999683        27.86051890455619
2.534999999999968        27.86051890455619
2.539999999999968        27.86051890455619
2.544999999999968        27.86051890455619
2.549999999999968        27.86051890455619
2.5549999999999677        27.86051890455619
2.5599999999999676        27.86051890455619
2.5649999999999675        27.86051890455619
2.5699999999999674        27.86051890455619
2.5749999999999673        27.86051890455619
2.579999999999967        27.86051890455619
2.584999999999967        27.86051890455619
2.589999999999967        27.86051890455619
2.594999999999967        27.86051890455619
2.599999999999967        27.86051890455619
2.6049999999999667        27.86051890455619
2.6099999999999666        27.86051890455619
2.6149999999999665        27.86051890455619
2.6199999999999664        27.86051890455619
2.6249999999999662        27.86051890455619
2.629999999999966        27.86051890455619
2.634999999999966        27.86051890455619
2.639999999999966        27.86051890455619
2.644999999999966        27.86051890455619
2.6499999999999657        27.86051890455619
2.6549999999999656        27.86051890455619
2.6599999999999655        27.86051890455619
2.6649999999999654        27.86051890455619
2.6699999999999653        27.86051890455619
2.674999999999965        27.86051890455619
2.679999999999965        27.86051890455619
2.684999999999965        27.86051890455619
2.689999999999965        27.86051890455619
2.6949999999999648        27.86051890455619
2.6999999999999647        27.86051890455619
2.7049999999999645        27.86051890455619
2.7099999999999644        27.86051890455619
2.7149999999999643        27.86051890455619
2.7199999999999642        27.86051890455619
2.724999999999964        27.86051890455619
2.729999999999964        27.86051890455619
2.734999999999964        27.86051890455619
2.739999999999964        27.86051890455619
2.7449999999999637        27.86051890455619
2.7499999999999636        27.86051890455619
2.7549999999999635        27.86051890455619
2.7599999999999634        27.86051890455619
2.7649999999999633        27.86051890455619
2.769999999999963        27.86051890455619
2.774999999999963        27.86051890455619
2.779999999999963        27.86051890455619
2.784999999999963        27.86051890455619
2.7899999999999627        27.86051890455619
2.7949999999999626        27.86051890455619
2.7999999999999625        27.86051890455619
2.8049999999999624        27.86051890455619
2.8099999999999623        27.86051890455619
2.814999999999962        27.86051890455619
2.819999999999962        27.86051890455619
2.824999999999962        27.86051890455619
2.829999999999962        27.86051890455619
2.8349999999999618        27.86051890455619
2.8399999999999617        27.86051890455619
2.8449999999999616        27.86051890455619
2.8499999999999615        27.86051890455619
2.8549999999999613        27.86051890455619
2.8599999999999612        27.86051890455619
2.864999999999961        27.86051890455619
2.869999999999961        27.86051890455619
2.874999999999961        27.86051890455619
2.879999999999961        27.86051890455619
2.8849999999999607        27.86051890455619
2.8899999999999606        27.86051890455619
2.8949999999999605        27.86051890455619
2.8999999999999604        27.86051890455619
2.9049999999999603        27.86051890455619
2.90999999999996        27.86051890455619
2.91499999999996        27.86051890455619
2.91999999999996        27.86051890455619
2.92499999999996        27.86051890455619
2.9299999999999597        27.86051890455619
2.9349999999999596        27.86051890455619
2.9399999999999595        27.86051890455619
2.9449999999999594        27.86051890455619
2.9499999999999593        27.86051890455619
2.954999999999959        27.86051890455619
2.959999999999959        27.86051890455619
2.964999999999959        27.86051890455619
2.969999999999959        27.86051890455619
2.974999999999959        27.86051890455619
2.9799999999999587        27.86051890455619
2.9849999999999586        27.86051890455619
2.9899999999999585        27.86051890455619
2.9949999999999584        27.86051890455619
2.9999999999999583        27.86051890455619
3.004999999999958        27.86051890455619
3.009999999999958        27.86051890455619
3.014999999999958        27.86051890455619
3.019999999999958        27.86051890455619
3.0249999999999577        27.86051890455619
3.0299999999999576        27.86051890455619
3.0349999999999575        27.86051890455619
3.0399999999999574        27.86051890455619
3.0449999999999573        27.86051890455619
3.049999999999957        27.86051890455619
3.054999999999957        27.86051890455619
3.059999999999957        27.86051890455619
3.064999999999957        27.86051890455619
3.0699999999999568        27.86051890455619
3.0749999999999567        27.86051890455619
3.0799999999999566        27.86051890455619
3.0849999999999564        27.86051890455619
3.0899999999999563        27.86051890455619
3.0949999999999562        27.86051890455619
3.099999999999956        27.86051890455619
3.104999999999956        27.86051890455619
3.109999999999956        27.86051890455619
3.114999999999956        27.86051890455619
3.1199999999999557        27.86051890455619
3.1249999999999556        27.86051890455619
3.1299999999999555        27.86051890455619
3.1349999999999554        27.86051890455619
3.1399999999999553        27.86051890455619
3.144999999999955        27.86051890455619
3.149999999999955        27.86051890455619
3.154999999999955        27.86051890455619
3.159999999999955        27.86051890455619
3.1649999999999547        27.86051890455619
3.1699999999999546        27.86051890455619
3.1749999999999545        27.86051890455619
3.1799999999999544        27.86051890455619
3.1849999999999543        27.86051890455619
3.189999999999954        27.86051890455619
3.194999999999954        27.86051890455619
3.199999999999954        27.86051890455619
3.204999999999954        27.86051890455619
3.209999999999954        27.86051890455619
3.2149999999999537        27.86051890455619
3.2199999999999536        27.86051890455619
3.2249999999999535        27.86051890455619
3.2299999999999534        27.86051890455619
3.2349999999999532        27.86051890455619
3.239999999999953        27.86051890455619
3.244999999999953        27.86051890455619
3.249999999999953        27.86051890455619
3.254999999999953        27.86051890455619
3.2599999999999527        27.86051890455619
3.2649999999999526        27.86051890455619
3.2699999999999525        27.86051890455619
3.2749999999999524        27.86051890455619
3.2799999999999523        27.86051890455619
3.284999999999952        27.86051890455619
3.289999999999952        27.86051890455619
3.294999999999952        27.86051890455619
3.299999999999952        27.86051890455619
3.3049999999999518        27.86051890455619
3.3099999999999516        27.86051890455619
3.3149999999999515        27.86051890455619
3.3199999999999514        27.86051890455619
3.3249999999999513        27.86051890455619
3.329999999999951        27.86051890455619
3.334999999999951        27.86051890455619
3.339999999999951        27.86051890455619
3.344999999999951        27.86051890455619
3.349999999999951        27.86051890455619
3.3549999999999507        27.86051890455619
3.3599999999999506        27.86051890455619
3.3649999999999505        27.86051890455619
3.3699999999999504        27.86051890455619
3.3749999999999503        27.86051890455619
3.37999999999995        27.86051890455619
3.38499999999995        27.86051890455619
3.38999999999995        27.86051890455619
3.39499999999995        27.86051890455619
3.3999999999999497        27.86051890455619
3.4049999999999496        27.86051890455619
3.4099999999999495        27.86051890455619
3.4149999999999494        27.86051890455619
3.4199999999999493        27.86051890455619
3.424999999999949        27.86051890455619
3.429999999999949        27.86051890455619
3.434999999999949        27.86051890455619
3.439999999999949        27.86051890455619
3.4449999999999488        27.86051890455619
3.4499999999999487        27.86051890455619
3.4549999999999486        27.86051890455619
3.4599999999999485        27.86051890455619
3.4649999999999483        27.86051890455619
3.4699999999999482        27.86051890455619
3.474999999999948        27.86051890455619
3.479999999999948        27.86051890455619
3.484999999999948        27.86051890455619
3.489999999999948        27.86051890455619
3.4949999999999477        27.86051890455619
3.4999999999999476        27.86051890455619
3.5049999999999475        27.86051890455619
3.5099999999999474        27.86051890455619
3.5149999999999473        27.86051890455619
3.519999999999947        27.86051890455619
3.524999999999947        27.86051890455619
3.529999999999947        27.86051890455619
3.534999999999947        27.86051890455619
3.5399999999999467        27.86051890455619
3.5449999999999466        27.86051890455619
3.5499999999999465        27.86051890455619
3.5549999999999464        27.86051890455619
3.5599999999999463        27.86051890455619
3.564999999999946        27.86051890455619
3.569999999999946        27.86051890455619
3.574999999999946        27.86051890455619
3.579999999999946        27.86051890455619
3.584999999999946        27.86051890455619
3.5899999999999457        27.86051890455619
3.5949999999999456        27.86051890455619
3.5999999999999455        27.86051890455619
3.6049999999999454        27.86051890455619
3.6099999999999453        27.86051890455619
3.614999999999945        27.86051890455619
3.619999999999945        27.86051890455619
3.624999999999945        27.86051890455619
3.629999999999945        27.86051890455619
3.6349999999999447        27.86051890455619
3.6399999999999446        27.86051890455619
3.6449999999999445        27.86051890455619
3.6499999999999444        27.86051890455619
3.6549999999999443        27.86051890455619
3.659999999999944        27.86051890455619
3.664999999999944        27.86051890455619
3.669999999999944        27.86051890455619
3.674999999999944        27.86051890455619
3.6799999999999438        27.86051890455619
3.6849999999999437        27.86051890455619
3.6899999999999435        27.86051890455619
3.6949999999999434        27.86051890455619
3.6999999999999433        27.86051890455619
3.7049999999999432        27.86051890455619
3.709999999999943        27.86051890455619
3.714999999999943        27.86051890455619
3.719999999999943        27.86051890455619
3.724999999999943        27.86051890455619
3.7299999999999427        27.86051890455619
3.7349999999999426        27.86051890455619
3.7399999999999425        27.86051890455619
3.7449999999999424        27.86051890455619
3.7499999999999423        27.86051890455619
3.754999999999942        27.86051890455619
3.759999999999942        27.86051890455619
3.764999999999942        27.86051890455619
3.769999999999942        27.86051890455619
3.7749999999999417        27.86051890455619
3.7799999999999416        27.86051890455619
3.7849999999999415        27.86051890455619
3.7899999999999414        27.86051890455619
3.7949999999999413        27.86051890455619
3.799999999999941        27.86051890455619
3.804999999999941        27.86051890455619
3.809999999999941        27.86051890455619
3.814999999999941        27.86051890455619
3.8199999999999408        27.86051890455619
3.8249999999999407        27.86051890455619
3.8299999999999406        27.86051890455619
3.8349999999999405        27.86051890455619
3.8399999999999403        27.86051890455619
3.8449999999999402        27.86051890455619
3.84999999999994        27.86051890455619
3.85499999999994        27.86051890455619
3.85999999999994        27.86051890455619
3.86499999999994        27.86051890455619
3.8699999999999397        27.86051890455619
3.8749999999999396        27.86051890455619
3.8799999999999395        27.86051890455619
3.8849999999999394        27.86051890455619
3.8899999999999393        27.86051890455619
3.894999999999939        27.86051890455619
3.899999999999939        27.86051890455619
3.904999999999939        27.86051890455619
3.909999999999939        27.86051890455619
3.9149999999999388        27.86051890455619
3.9199999999999386        27.86051890455619
3.9249999999999385        27.86051890455619
3.9299999999999384        27.86051890455619
3.9349999999999383        27.86051890455619
3.939999999999938        27.86051890455619
3.944999999999938        27.86051890455619
3.949999999999938        27.86051890455619
3.954999999999938        27.86051890455619
3.959999999999938        27.86051890455619
3.9649999999999377        27.86051890455619
3.9699999999999376        27.86051890455619
3.9749999999999375        27.86051890455619
3.9799999999999374        27.86051890455619
3.9849999999999373        27.86051890455619
3.989999999999937        27.86051890455619
3.994999999999937        27.86051890455619
3.999999999999937        27.86051890455619
4.004999999999937        27.86051890455619
4.009999999999937        27.86051890455619
4.014999999999937        27.86051890455619
4.0199999999999365        27.86051890455619
4.024999999999936        27.86051890455619
4.029999999999936        27.86051890455619
4.034999999999936        27.86051890455619
4.039999999999936        27.86051890455619
4.044999999999936        27.86051890455619
4.049999999999936        27.86051890455619
4.054999999999936        27.86051890455619
4.059999999999936        27.86051890455619
4.0649999999999356        27.86051890455619
4.0699999999999354        27.86051890455619
4.074999999999935        27.86051890455619
4.079999999999935        27.86051890455619
4.084999999999935        27.86051890455619
4.089999999999935        27.86051890455619
4.094999999999935        27.86051890455619
4.099999999999935        27.86051890455619
4.104999999999935        27.86051890455619
4.109999999999935        27.86051890455619
4.1149999999999345        27.86051890455619
4.119999999999934        27.86051890455619
4.124999999999934        27.86051890455619
4.129999999999934        27.86051890455619
4.134999999999934        27.86051890455619
4.139999999999934        27.86051890455619
4.144999999999934        27.86051890455619
4.149999999999934        27.86051890455619
4.154999999999934        27.86051890455619
4.1599999999999335        27.86051890455619
4.164999999999933        27.86051890455619
4.169999999999933        27.86051890455619
4.174999999999933        27.86051890455619
4.179999999999933        27.86051890455619
4.184999999999933        27.86051890455619
4.189999999999933        27.86051890455619
4.194999999999933        27.86051890455619
4.199999999999933        27.86051890455619
4.204999999999933        27.86051890455619
4.2099999999999325        27.86051890455619
4.214999999999932        27.86051890455619
4.219999999999932        27.86051890455619
4.224999999999932        27.86051890455619
4.229999999999932        27.86051890455619
4.234999999999932        27.86051890455619
4.239999999999932        27.86051890455619
4.244999999999932        27.86051890455619
4.249999999999932        27.86051890455619
4.2549999999999315        27.86051890455619
4.259999999999931        27.86051890455619
4.264999999999931        27.86051890455619
4.269999999999931        27.86051890455619
4.274999999999931        27.86051890455619
4.279999999999931        27.86051890455619
4.284999999999931        27.86051890455619
4.289999999999931        27.86051890455619
4.294999999999931        27.86051890455619
4.2999999999999305        27.86051890455619
4.30499999999993        27.86051890455619
4.30999999999993        27.86051890455619
4.31499999999993        27.86051890455619
4.31999999999993        27.86051890455619
4.32499999999993        27.86051890455619
4.32999999999993        27.86051890455619
4.33499999999993        27.86051890455619
4.33999999999993        27.86051890455619
4.34499999999993        27.86051890455619
4.3499999999999295        27.86051890455619
4.354999999999929        27.86051890455619
4.359999999999929        27.86051890455619
4.364999999999929        27.86051890455619
4.369999999999929        27.86051890455619
4.374999999999929        27.86051890455619
4.379999999999929        27.86051890455619
4.384999999999929        27.86051890455619
4.389999999999929        27.86051890455619
4.3949999999999285        27.86051890455619
4.399999999999928        27.86051890455619
4.404999999999928        27.86051890455619
4.409999999999928        27.86051890455619
4.414999999999928        27.86051890455619
4.419999999999928        27.86051890455619
4.424999999999928        27.86051890455619
4.429999999999928        27.86051890455619
4.434999999999928        27.86051890455619
4.439999999999928        27.86051890455619
4.4449999999999275        27.86051890455619
4.449999999999927        27.86051890455619
4.454999999999927        27.86051890455619
4.459999999999927        27.86051890455619
4.464999999999927        27.86051890455619
4.469999999999927        27.86051890455619
4.474999999999927        27.86051890455619
4.479999999999927        27.86051890455619
4.484999999999927        27.86051890455619
4.4899999999999265        27.86051890455619
4.494999999999926        27.86051890455619
4.499999999999926        27.86051890455619
4.504999999999926        27.86051890455619
4.509999999999926        27.86051890455619
4.514999999999926        27.86051890455619
4.519999999999926        27.86051890455619
4.524999999999926        27.86051890455619
4.529999999999926        27.86051890455619
4.5349999999999255        27.86051890455619
4.539999999999925        27.86051890455619
4.544999999999925        27.86051890455619
4.549999999999925        27.86051890455619
4.554999999999925        27.86051890455619
4.559999999999925        27.86051890455619
4.564999999999925        27.86051890455619
4.569999999999925        27.86051890455619
4.574999999999925        27.86051890455619
4.579999999999925        27.86051890455619
4.5849999999999245        27.86051890455619
4.589999999999924        27.86051890455619
4.594999999999924        27.86051890455619
4.599999999999924        27.86051890455619
4.604999999999924        27.86051890455619
4.609999999999924        27.86051890455619
4.614999999999924        27.86051890455619
4.619999999999924        27.86051890455619
4.624999999999924        27.86051890455619
4.6299999999999235        27.86051890455619
4.634999999999923        27.86051890455619
4.639999999999923        27.86051890455619
4.644999999999923        27.86051890455619
4.649999999999923        27.86051890455619
4.654999999999923        27.86051890455619
4.659999999999923        27.86051890455619
4.664999999999923        27.86051890455619
4.669999999999923        27.86051890455619
4.6749999999999226        27.86051890455619
4.6799999999999224        27.86051890455619
4.684999999999922        27.86051890455619
4.689999999999922        27.86051890455619
4.694999999999922        27.86051890455619
4.699999999999922        27.86051890455619
4.704999999999922        27.86051890455619
4.709999999999922        27.86051890455619
4.714999999999922        27.86051890455619
4.719999999999922        27.86051890455619
4.7249999999999215        27.86051890455619
4.729999999999921        27.86051890455619
4.734999999999921        27.86051890455619
4.739999999999921        27.86051890455619
4.744999999999921        27.86051890455619
4.749999999999921        27.86051890455619
4.754999999999921        27.86051890455619
4.759999999999921        27.86051890455619
4.764999999999921        27.86051890455619
4.7699999999999205        27.86051890455619
4.77499999999992        27.86051890455619
4.77999999999992        27.86051890455619
4.78499999999992        27.86051890455619
4.78999999999992        27.86051890455619
4.79499999999992        27.86051890455619
4.79999999999992        27.86051890455619
4.80499999999992        27.86051890455619
4.80999999999992        27.86051890455619
4.81499999999992        27.86051890455619
4.8199999999999195        27.86051890455619
4.824999999999919        27.86051890455619
4.829999999999919        27.86051890455619
4.834999999999919        27.86051890455619
4.839999999999919        27.86051890455619
4.844999999999919        27.86051890455619
4.849999999999919        27.86051890455619
4.854999999999919        27.86051890455619
4.859999999999919        27.86051890455619
4.8649999999999185        27.86051890455619
4.869999999999918        27.86051890455619
4.874999999999918        27.86051890455619
4.879999999999918        27.86051890455619
4.884999999999918        27.86051890455619
4.889999999999918        27.86051890455619
4.894999999999918        27.86051890455619
4.899999999999918        27.86051890455619
4.904999999999918        27.86051890455619
4.9099999999999175        27.86051890455619
4.914999999999917        27.86051890455619
4.919999999999917        27.86051890455619
4.924999999999917        27.86051890455619
4.929999999999917        27.86051890455619
4.934999999999917        27.86051890455619
4.939999999999917        27.86051890455619
4.944999999999917        27.86051890455619
4.949999999999917        27.86051890455619
4.954999999999917        27.86051890455619
4.9599999999999165        27.86051890455619
4.964999999999916        27.86051890455619
4.969999999999916        27.86051890455619
4.974999999999916        27.86051890455619
4.979999999999916        27.86051890455619
4.984999999999916        27.86051890455619
4.989999999999916        27.86051890455619
4.994999999999916        27.86051890455619
4.999999999999916        27.86051890455619
5.0049999999999155        27.86051890455619
5.009999999999915        27.86051890455619
5.014999999999915        27.86051890455619
5.019999999999915        27.86051890455619
5.024999999999915        27.86051890455619
5.029999999999915        27.86051890455619
5.034999999999915        27.86051890455619
5.039999999999915        27.86051890455619
5.044999999999915        27.86051890455619
5.049999999999915        27.86051890455619
5.0549999999999145        27.86051890455619
5.059999999999914        27.86051890455619
5.064999999999914        27.86051890455619
5.069999999999914        27.86051890455619
5.074999999999914        27.86051890455619
5.079999999999914        27.86051890455619
5.084999999999914        27.86051890455619
5.089999999999914        27.86051890455619
5.094999999999914        27.86051890455619
5.0999999999999135        27.86051890455619
5.104999999999913        27.86051890455619
5.109999999999913        27.86051890455619
5.114999999999913        27.86051890455619
5.119999999999913        27.86051890455619
5.124999999999913        27.86051890455619
5.129999999999913        27.86051890455619
5.134999999999913        27.86051890455619
5.139999999999913        27.86051890455619
5.1449999999999125        27.86051890455619
5.149999999999912        27.86051890455619
5.154999999999912        27.86051890455619
5.159999999999912        27.86051890455619
5.164999999999912        27.86051890455619
5.169999999999912        27.86051890455619
5.174999999999912        27.86051890455619
5.179999999999912        27.86051890455619
5.184999999999912        27.86051890455619
5.189999999999912        27.86051890455619
5.1949999999999115        27.86051890455619
5.199999999999911        27.86051890455619
5.204999999999911        27.86051890455619
5.209999999999911        27.86051890455619
5.214999999999911        27.86051890455619
5.219999999999911        27.86051890455619
5.224999999999911        27.86051890455619
5.229999999999911        27.86051890455619
5.234999999999911        27.86051890455619
5.2399999999999105        27.86051890455619
5.24499999999991        27.86051890455619
5.24999999999991        27.86051890455619
5.25499999999991        27.86051890455619
5.25999999999991        27.86051890455619
5.26499999999991        27.86051890455619
5.26999999999991        27.86051890455619
5.27499999999991        27.86051890455619
5.27999999999991        27.86051890455619
5.2849999999999095        27.86051890455619
5.289999999999909        27.86051890455619
5.294999999999909        27.86051890455619
5.299999999999909        27.86051890455619
5.304999999999909        27.86051890455619
5.309999999999909        27.86051890455619
5.314999999999909        27.86051890455619
5.319999999999909        27.86051890455619
5.324999999999909        27.86051890455619
5.329999999999909        27.86051890455619
5.3349999999999085        27.86051890455619
5.339999999999908        27.86051890455619
5.344999999999908        27.86051890455619
5.349999999999908        27.86051890455619
5.354999999999908        27.86051890455619
5.359999999999908        27.86051890455619
5.364999999999908        27.86051890455619
5.369999999999908        27.86051890455619
5.374999999999908        27.86051890455619
5.3799999999999075        27.86051890455619
5.384999999999907        27.86051890455619
5.389999999999907        27.86051890455619
5.394999999999907        27.86051890455619
5.399999999999907        27.86051890455619
5.404999999999907        27.86051890455619
5.409999999999907        27.86051890455619
5.414999999999907        27.86051890455619
5.419999999999907        27.86051890455619
5.424999999999907        27.86051890455619
5.4299999999999065        27.86051890455619
5.434999999999906        27.86051890455619
5.439999999999906        27.86051890455619
5.444999999999906        27.86051890455619
5.449999999999906        27.86051890455619
5.454999999999906        27.86051890455619
5.459999999999906        27.86051890455619
5.464999999999906        27.86051890455619
5.469999999999906        27.86051890455619
5.4749999999999055        27.86051890455619
5.479999999999905        27.86051890455619
5.484999999999905        27.86051890455619
5.489999999999905        27.86051890455619
5.494999999999905        27.86051890455619
5.499999999999905        27.86051890455619
5.504999999999905        27.86051890455619
5.509999999999905        27.86051890455619
5.514999999999905        27.86051890455619
5.5199999999999045        27.86051890455619
5.524999999999904        27.86051890455619
5.529999999999904        27.86051890455619
5.534999999999904        27.86051890455619
5.539999999999904        27.86051890455619
