0.005        2.5000234374389656
0.01        2.5000781245117363
0.015        2.5001640605348228
0.02        2.500281244434361
0.025        2.500429674746368
0.030000000000000002        2.5006093496170894
0.035        2.5008202668034385
0.04        2.50106242367353
0.045        2.501335817207304
0.049999999999999996        2.501640443997241
0.05499999999999999        2.5019763002491713
0.05999999999999999        2.5023433817831737
0.06499999999999999        2.5027416840345666
0.06999999999999999        2.503171202054987
0.075        2.503631930513562
0.08        2.5041238636981724
0.085        2.5046469955167985
0.09000000000000001        2.5052013194989615
0.09500000000000001        2.5057868287972527
0.10000000000000002        2.506403516188944
0.10500000000000002        2.507051374077694
0.11000000000000003        2.5077303944953355
0.11500000000000003        2.5084405691037506
0.12000000000000004        2.5091818891968307
0.12500000000000003        2.509954345702521
0.13000000000000003        2.5107579291849476
0.13500000000000004        2.5115926298466325
0.14000000000000004        2.512458437530784
0.14500000000000005        2.5133553417236736
0.15000000000000005        2.5142833315570896
0.15500000000000005        2.515242395810876
0.16000000000000006        2.5162325229155433
0.16500000000000006        2.517253700954963
0.17000000000000007        2.5183059176691374
0.17500000000000007        2.5193891604570413
0.18000000000000008        2.520503416379546
0.18500000000000008        2.521648672162412
0.19000000000000009        2.5228249141993535
0.1950000000000001        2.524032128555183
0.2000000000000001        2.5252703009690167
0.2050000000000001        2.526539416857555
0.2100000000000001        2.527839461318431
0.2150000000000001        2.5291704191336253
0.2200000000000001        2.5305322747729497
0.22500000000000012        2.531925012397591
0.23000000000000012        2.533348615863725
0.23500000000000013        2.5348030687261867
0.24000000000000013        2.5362883542422088
0.24500000000000013        2.5378044553752144
0.2500000000000001        2.5393513547986712
0.2550000000000001        2.540929034900005
0.2600000000000001        2.5425374777845664
0.2650000000000001        2.544176665279655
0.27000000000000013        2.545846578938597
0.27500000000000013        2.547547200044873
0.28000000000000014        2.549278509616302
0.28500000000000014        2.55104048840927
0.29000000000000015        2.552833116923009
0.29500000000000015        2.5546563754039266
0.30000000000000016        2.5565102438499734
0.30500000000000016        2.558394702015064
0.31000000000000016        2.5603097294135346
0.31500000000000017        2.5622553053246455
0.3200000000000002        2.5642314087971214
0.3250000000000002        2.5662380186537335
0.3300000000000002        2.568275113495918
0.3350000000000002        2.5703426717084286
0.3400000000000002        2.5724406714640278
0.3450000000000002        2.574569090728208
0.3500000000000002        2.5767279072639475
0.3550000000000002        2.5789170986364938
0.3600000000000002        2.5811366422181794
0.3650000000000002        2.5833865151932636
0.3700000000000002        2.585666694562801
0.3750000000000002        2.5879771571495356
0.3800000000000002        2.5903178796028175
0.38500000000000023        2.5926888384035434
0.39000000000000024        2.5950900098691174
0.39500000000000024        2.5975213701584288
0.40000000000000024        2.5999828952768556
0.40500000000000025        2.6024745610812743
0.41000000000000025        2.6049963432850944
0.41500000000000026        2.6075482174633025
0.42000000000000026        2.6101301590575208
0.42500000000000027        2.6127421433810754
0.43000000000000027        2.6153841456240774
0.4350000000000003        2.618056140858511
0.4400000000000003        2.6207581040433308
0.4450000000000003        2.6234900100295637
0.4500000000000003        2.626251833565419
0.4550000000000003        2.6290435493013953
0.4600000000000003        2.631865131795403
0.4650000000000003        2.634716555517872
0.4700000000000003        2.6375977948568745
0.4750000000000003        2.6405088241232364
0.4800000000000003        2.6434496175556506
0.4850000000000003        2.646420149325789
0.4900000000000003        2.649420393543405
0.49500000000000033        2.652450324261435
0.5000000000000003        2.6555099154810895
0.5050000000000003        2.6585991411569387
0.5100000000000003        2.661717975201989
0.5150000000000003        2.6648663914927466
0.5200000000000004        2.6680443638742757
0.5250000000000004        2.6712518661652362
0.5300000000000004        2.674488872162917
0.5350000000000004        2.6777553556482494
0.5400000000000004        2.6810512903908053
0.5450000000000004        2.6843766501537827
0.5500000000000004        2.6877314086989728
0.5550000000000004        2.691115539791705
0.5600000000000004        2.694529017205779
0.5650000000000004        2.697971814728374
0.5700000000000004        2.701443906164933
0.5750000000000004        2.7049452653440347
0.5800000000000004        2.7084758661222352
0.5850000000000004        2.7120356823888883
0.5900000000000004        2.715624688070944
0.5950000000000004        2.7192428571377163
0.6000000000000004        2.722890163605633
0.6050000000000004        2.726566581542953
0.6100000000000004        2.730272085074457
0.6150000000000004        2.7340066483861136
0.6200000000000004        2.737770245729714
0.6250000000000004        2.741562851427477
0.6300000000000004        2.7453844398766236
0.6350000000000005        2.749234985553926
0.6400000000000005        2.753114463020217
0.6450000000000005        2.7570228469248756
0.6500000000000005        2.7609601120102716
0.6550000000000005        2.7649262331161877
0.6600000000000005        2.7689211851841975
0.6650000000000005        2.7729449432620155
0.6700000000000005        2.776997482507812
0.6750000000000005        2.7810787781944892
0.6800000000000005        2.785188805713927
0.6850000000000005        2.7893275405811866
0.6900000000000005        2.7934949584386843
0.6950000000000005        2.797691035060323
0.7000000000000005        2.801915746355589
0.7050000000000005        2.8061690683736074
0.7100000000000005        2.810450977307167
0.7150000000000005        2.8147614494966993
0.7200000000000005        2.8191004614342208
0.7250000000000005        2.823467989767238
0.7300000000000005        2.827864011302611
0.7350000000000005        2.8322885030103793
0.7400000000000005        2.8367414420275447
0.7450000000000006        2.8412228056618196
0.7500000000000006        2.8457325713953248
0.7550000000000006        2.850270716888258
0.7600000000000006        2.8548372199825156
0.7650000000000006        2.8594320587052717
0.7700000000000006        2.8640552112725217
0.7750000000000006        2.868706656092578
0.7800000000000006        2.87338637176953
0.7850000000000006        2.8780943371066585
0.7900000000000006        2.88283053110981
0.7950000000000006        2.887594932990731
0.8000000000000006        2.8923875221703526
0.8050000000000006        2.8972082782820454
0.8100000000000006        2.902057181174822
0.8150000000000006        2.9069342109165017
0.8200000000000006        2.9118393477968336
0.8250000000000006        2.9167725723305753
0.8300000000000006        2.921733865260532
0.8350000000000006        2.9267232075605505
0.8400000000000006        2.931740580438475
0.8450000000000006        2.936785965339057
0.8500000000000006        2.9418593439468252
0.8550000000000006        2.9469606981889145
0.8600000000000007        2.952090010237848
0.8650000000000007        2.957247262514286
0.8700000000000007        2.9624324376897246
0.8750000000000007        2.9676455186891575
0.8800000000000007        2.9728864886936957
0.8850000000000007        2.9781553311431432
0.8900000000000007        2.983452029738536
0.8950000000000007        2.9887765684446364
0.9000000000000007        2.9941289314923862
0.9050000000000007        2.9995091033813233
0.9100000000000007        3.004917068881951
0.9150000000000007        3.0103528130380757
0.9200000000000007        3.0158163211690923
0.9250000000000007        3.021307578872243
0.9300000000000007        3.0268265720248273
0.9350000000000007        3.032373286786371
0.9400000000000007        3.0379477096007665
0.9450000000000007        3.043549827198362
0.9500000000000007        3.049179626598017
0.9550000000000007        3.054837095109121
0.9600000000000007        3.060522220333568
0.9650000000000007        3.0662349901677
0.9700000000000008        3.0719753928042044
0.9750000000000008        3.077743416733982
0.9800000000000008        3.083539050747968
0.9850000000000008        3.089362283938928
0.9900000000000008        3.0952131057032037
0.9950000000000008        3.101091505742433
1.0000000000000007        3.106997474065227
1.0050000000000006        3.1129310009888123
1.0100000000000005        3.1188920771406425
1.0150000000000003        3.1248806934599656
1.0200000000000002        3.1308968411993634
1.0250000000000001        3.1369405119262517
1.03        3.1430116975243485
1.035        3.149110390195109
1.0399999999999998        3.1552365824591213
1.0449999999999997        3.1613902671574747
1.0499999999999996        3.1675714374530908
1.0549999999999995        3.1737800868320236
1.0599999999999994        3.180016209104727
1.0649999999999993        3.186279798407287
1.0699999999999992        3.192570849202628
1.074999999999999        3.19888935628168
1.079999999999999        3.2052353147645207
1.0849999999999989        3.2116087201014847
1.0899999999999987        3.2180095680742404
1.0949999999999986        3.2244378547968395
1.0999999999999985        3.230893576716733
1.1049999999999984        3.2373767306157637
1.1099999999999983        3.243887313611121
1.1149999999999982        3.2504253231562745
1.119999999999998        3.256990757041875
1.124999999999998        3.26358361339663
1.129999999999998        3.270203890688147
1.1349999999999978        3.276851587723755
1.1399999999999977        3.2835267036512956
1.1449999999999976        3.2902292379598843
1.1499999999999975        3.2969591904806546
1.1549999999999974        3.3037165613874664
1.1599999999999973        3.310501351197594
1.1649999999999971        3.3173135607723876
1.169999999999997        3.3241531913179085
1.174999999999997        3.331020244385542
1.1799999999999968        3.337914721872585
1.1849999999999967        3.3448366260228077
1.1899999999999966        3.351785959426995
1.1949999999999965        3.3587627250234626
1.1999999999999964        3.36576692609855
1.2049999999999963        3.372798566287092
1.2099999999999962        3.3798576495728674
1.214999999999996        3.3869441802890266
1.219999999999996        3.3940581631184954
1.2249999999999959        3.4011996030943603
1.2299999999999958        3.4083685056002317
1.2349999999999957        3.415564876370586
1.2399999999999956        3.422788721491089
1.2449999999999954        3.4300400473988963
1.2499999999999953        3.4373188608829395
1.2549999999999952        3.444625169084188
1.2599999999999951        3.451958979495893
1.264999999999995        3.4593202999638186
1.269999999999995        3.4667091386864426
1.2749999999999948        3.4741255042151535
1.2799999999999947        3.4815694054544184
1.2849999999999946        3.4890408516619416
1.2899999999999945        3.4965398524488007
1.2949999999999944        3.504066417779568
1.2999999999999943        3.511620557972419
1.3049999999999942        3.519202283699218
1.309999999999994        3.526811605985593
1.314999999999994        3.534448536210994
1.3199999999999938        3.5421130861087375
1.3249999999999937        3.5498052677660303
1.3299999999999936        3.557525093623988
1.3349999999999935        3.5652725764776294
1.3399999999999934        3.573047729475867
1.3449999999999933        3.5808505661214753
1.3499999999999932        3.58868110027105
1.354999999999993        3.5965393461349526
1.359999999999993        3.604425318277245
1.3649999999999929        3.6123390316156057
1.3699999999999928        3.620280501421242
1.3749999999999927        3.628249743318781
1.3799999999999926        3.6362467732861563
1.3849999999999925        3.64427160765448
1.3899999999999924        3.652324263107903
1.3949999999999922        3.6604047566834677
1.3999999999999921        3.6685131057709435
1.404999999999992        3.67664932811266
1.409999999999992        3.684813441803324
1.4149999999999918        3.6930054652898296
1.4199999999999917        3.701225417371057
1.4249999999999916        3.709473317197663
1.4299999999999915        3.7177491842718617
1.4349999999999914        3.7260530384471973
1.4399999999999913        3.7343848999283065
1.4449999999999912        3.742744789270673
1.449999999999991        3.751132727380375
1.454999999999991        3.759548735513825
1.4599999999999909        3.767992835277498
1.4649999999999908        3.776465048627655
1.4699999999999906        3.7849653978700633
1.4749999999999905        3.793493905659699
1.4799999999999904        3.802050595000454
1.4849999999999903        3.8106354892448295
1.4899999999999902        3.8192486120936247
1.4949999999999901        3.8278899875956194
1.49999999999999        3.8365596401472515
1.50499999999999        3.8452575944922858
1.5099999999999898        3.8539838757214815
1.5149999999999897        3.86273850927225
1.5199999999999896        3.8715215209283094
1.5249999999999895        3.8803329368193356
1.5299999999999894        3.8891727834206034
1.5349999999999893        3.8980410875526306
1.5399999999999892        3.9069378763808067
1.544999999999989        3.915863177415032
1.549999999999989        3.9248170185093367
1.5549999999999888        3.933799427861509
1.5599999999999887        3.942810434012711
1.5649999999999886        3.9518500658470943
1.5699999999999885        3.9609183525914147
1.5749999999999884        3.9700153238146365
1.5799999999999883        3.9791410094275412
1.5849999999999882        3.988295439682327
1.589999999999988        3.997478645172212
1.594999999999988        4.0066906568310285
1.5999999999999879        4.0159315059328184
1.6049999999999878        4.0252012240914254
1.6099999999999877        4.034499843260084
1.6149999999999876        4.04382739573101
1.6199999999999875        4.053183914134981
1.6249999999999873        4.062569431440928
1.6299999999999872        4.071983980955513
1.6349999999999871        4.08142759632271
1.639999999999987        4.090900311523387
1.644999999999987        4.100402160874884
1.6499999999999868        4.109933179030588
1.6549999999999867        4.119493400979515
1.6599999999999866        4.129082862045878
1.6649999999999865        4.138701597888669
1.6699999999999864        4.148349644501228
1.6749999999999863        4.158027038210822
1.6799999999999862        4.167733815678211
1.684999999999986        4.177470013897234
1.689999999999986        4.187235670194365
1.6949999999999859        4.197030822228302
1.6999999999999857        4.206855507989531
1.7049999999999856        4.216709765799904
1.7099999999999855        4.226593634312209
1.7149999999999854        4.2365071525097475
1.7199999999999853        4.246450359705908
1.7249999999999852        4.25642329554374
1.729999999999985        4.266425999995538
1.734999999999985        4.276458513362402
1.739999999999985        4.286520876273836
1.7449999999999848        4.296613129687308
1.7499999999999847        4.3067353148878444
1.7549999999999846        4.316887473487603
1.7599999999999845        4.327069647425458
1.7649999999999844        4.337281878966585
1.7699999999999843        4.347524210702043
1.7749999999999841        4.357796685548365
1.779999999999984        4.368099346747146
1.784999999999984        4.378432237864629
1.7899999999999838        4.388795402791303
1.7949999999999837        4.399188885741495
1.7999999999999836        4.40961273125296
1.8049999999999835        4.420066984186487
1.8099999999999834        4.430551689725497
1.8149999999999833        4.4410668933756385
1.8199999999999832        4.4516126409644015
1.824999999999983        4.462188978640718
1.829999999999983        4.47279595287457
1.8349999999999829        4.483433610456606
1.8399999999999828        4.49410199849775
1.8449999999999827        4.5048011644288195
1.8499999999999825        4.515531156000145
1.8549999999999824        4.526292021281191
1.8599999999999823        4.537083808660181
1.8649999999999822        4.5479065668437215
1.8699999999999821        4.558760344856437
1.874999999999982        4.569645192040601
1.879999999999982        4.580561158055768
1.8849999999999818        4.591508292878416
1.8899999999999817        4.602486646801589
1.8949999999999816        4.61349627043454
1.8999999999999815        4.62453721470238
1.9049999999999814        4.635609530845727
1.9099999999999813        4.646713270420363
1.9149999999999812        4.657848485296891
1.919999999999981        4.669015227660395
1.924999999999981        4.68021355001011
1.9299999999999808        4.691443505159077
1.9349999999999807        4.702705146233829
1.9399999999999806        4.713998526674058
1.9449999999999805        4.725323700232295
1.9499999999999804        4.736680720973587
1.9549999999999803        4.748069643275194
1.9599999999999802        4.759490521826266
1.96499999999998        4.770943411627542
1.96999999999998        4.782428367991046
1.9749999999999799        4.7939454465397855
1.9799999999999798        4.805494703207458
1.9849999999999797        4.817076194238155
1.9899999999999796        4.8286899761860775
1.9949999999999795        4.840336105915249
1.9999999999999793        4.852014640599236
2.0049999999999795        4.863725637720873
2.0099999999999794        4.875469155071983
2.0149999999999793        4.887245250753116
2.019999999999979        4.899053983173283
2.024999999999979        4.9108954110496885
2.029999999999979        4.922769593407486
2.034999999999979        4.934676589579514
2.0399999999999787        4.94661645920605
2.0449999999999786        4.95858926223457
2.0499999999999785        4.970595058919505
2.0549999999999784        4.982633909822005
2.0599999999999783        4.994705875809708
2.064999999999978        5.006811018056509
2.069999999999978        5.018949398042342
2.074999999999978        5.031121077552954
2.079999999999978        5.043326118679694
2.0849999999999778        5.055564583819302
2.0899999999999777        5.067836535673697
2.0949999999999775        5.080142037249783
2.0999999999999774        5.092481151859245
2.1049999999999773        5.104853943118355
2.1099999999999772        5.117260474947787
2.114999999999977        5.129700811572424
2.119999999999977        5.142175017521186
2.124999999999977        5.154683157626849
2.129999999999977        5.167225297025871
2.1349999999999767        5.179801501158228
2.1399999999999766        5.192411835767249
2.1449999999999765        5.205056366899456
2.1499999999999764        5.217735160904411
2.1549999999999763        5.2304482844345666
2.159999999999976        5.243195804445118
2.164999999999976        5.25597778819386
2.169999999999976        5.268794303241059
2.174999999999976        5.281645417449307
2.1799999999999757        5.294531198983407
2.1849999999999756        5.307451716310241
2.1899999999999755        5.32040703819865
2.1949999999999754        5.333397233719327
2.1999999999999753        5.346422372244703
2.204999999999975        5.359482523448837
2.209999999999975        5.372577757307321
2.214999999999975        5.38570814409718
2.219999999999975        5.3988737543967815
2.2249999999999748        5.412074659085746
2.2299999999999747        5.425310929344864
2.2349999999999746        5.438582636656019
2.2399999999999745        5.451889852802112
2.2449999999999743        5.465232649866991
2.2499999999999742        5.478611100235386
2.254999999999974        5.492025276592848
2.259999999999974        5.505475251925696
2.264999999999974        5.5189610995209595
2.269999999999974        5.5324828929663346
2.2749999999999737        5.54604070615014
2.2799999999999736        5.559634613261281
2.2849999999999735        5.573264688789211
2.2899999999999734        5.5869310075239085
2.2949999999999733        5.600633644555845
2.299999999999973        5.61437267527597
2.304999999999973        5.628148175375691
2.309999999999973        5.641960220846869
2.314999999999973        5.655808887981801
2.3199999999999728        5.669694253373228
2.3249999999999726        5.6836163939143285
2.3299999999999725        5.697575386798731
2.3349999999999724        5.711571309520522
2.3399999999999723        5.725604239874263
2.344999999999972        5.739674255955006
2.349999999999972        5.753781436158324
2.354999999999972        5.767925859180337
2.359999999999972        5.782107604017742
2.364999999999972        5.796326749967857
2.3699999999999717        5.810583376628658
2.3749999999999716        5.824877563898828
2.3799999999999715        5.839209391977804
2.3849999999999714        5.853578941365841
2.3899999999999713        5.867986292864059
2.394999999999971        5.882431527574522
2.399999999999971        5.896914726900293
2.404999999999971        5.911435972545515
2.409999999999971        5.925995346515486
2.4149999999999707        5.9405929311167425
2.4199999999999706        5.955228808957141
2.4249999999999705        5.969903062945955
2.4299999999999704        5.984615776293962
2.4349999999999703        5.999367032513553
2.43999999999997        6.014156915418827
2.44499999999997        6.028985509125702
2.44999999999997        6.0438528980520285
2.45499999999997        6.058759166917704
2.4599999999999698        6.073704400744797
2.4649999999999697        6.08868868485767
2.4699999999999696        6.103712104883109
2.4749999999999694        6.118774746750456
2.4799999999999693        6.133876696691756
2.4849999999999692        6.1490180412418844
2.489999999999969        6.164198867238706
2.494999999999969        6.179419261823222
2.499999999999969        6.194679312439725
2.504999999999969        6.209979106835959
2.5099999999999687        6.225318733063284
2.5149999999999686        6.2406982794768435
2.5199999999999685        6.256117834735735
2.5249999999999684        6.27157748780319
2.5299999999999683        6.287077327946752
2.534999999999968        6.302617444738463
2.539999999999968        6.318197928055053
2.544999999999968        6.333818868078132
2.549999999999968        6.349480355294388
2.5549999999999677        6.3651824804957915
2.5599999999999676        6.380925334779795
2.5649999999999675        6.396709009549552
2.5699999999999674        6.412533596514122
2.5749999999999673        6.4283991876887
2.579999999999967        6.444305875394824
2.584999999999967        6.460253752260618
2.589999999999967        6.47624291122101
2.594999999999967        6.492273445517975
2.599999999999967        6.508345448700774
2.6049999999999667        6.524459014626188
2.6099999999999666        6.540614237458776
2.6149999999999665        6.556811211671121
2.6199999999999664        6.57305003204409
2.6249999999999662        6.5893307936670835
2.629999999999966        6.605653591938312
2.634999999999966        6.622018522565055
2.639999999999966        6.638425681563934
2.644999999999966        6.654875165261191
2.6499999999999657        6.671367070292967
2.6549999999999656        6.687901493605581
2.6599999999999655        6.70447853245583
2.6649999999999654        6.721098284411265
2.6699999999999653        6.737760847350499
2.674999999999965        6.754466319463501
2.679999999999965        6.771214799251903
2.684999999999965        6.788006385529303
2.689999999999965        6.804841177421579
2.6949999999999648        6.8217192743672115
2.6999999999999647        6.838640776117589
2.7049999999999645        6.855605782737343
2.7099999999999644        6.872614394604671
2.7149999999999643        6.889666712411669
2.7199999999999642        6.906762837164666
2.724999999999964        6.923902870184564
2.729999999999964        6.9410869131071795
2.734999999999964        6.958315067883591
2.739999999999964        6.97558743678049
2.7449999999999637        6.99290412238054
2.7499999999999636        7.0102652275827255
2.7549999999999635        7.027670855602724
2.7599999999999634        7.045121109973268
2.7649999999999633        7.062616094544511
2.769999999999963        7.080155913484414
2.774999999999963        7.097740671279106
2.779999999999963        7.115370472733282
2.784999999999963        7.133045422970577
2.7899999999999627        7.150765627433962
2.7949999999999626        7.168531191886132
2.7999999999999625        7.186342222409907
2.8049999999999624        7.204198825408628
2.8099999999999623        7.222101107606569
2.814999999999962        7.240049176049337
2.819999999999962        7.258043138104285
2.824999999999962        7.276083101460935
2.829999999999962        7.294169174131386
2.8349999999999618        7.312301464450749
2.8399999999999617        7.330480081077563
2.8449999999999616        7.348705132994234
2.8499999999999615        7.366976729507464
2.8549999999999613        7.385294980248691
2.8599999999999612        7.403659995174531
2.864999999999961        7.422071884567223
2.869999999999961        7.440530759035077
2.874999999999961        7.459036729512928
2.879999999999961        7.4775899072625895
2.8849999999999607        7.496190403873322
2.8899999999999606        7.514838331262284
2.8949999999999605        7.533533801675012
2.8999999999999604        7.55227692768588
2.9049999999999603        7.571067822198584
2.90999999999996        7.589906598446614
2.91499999999996        7.608793369993739
2.91999999999996        7.627728250734492
2.92499999999996        7.6467113548946575
2.9299999999999597        7.665742797031766
2.9349999999999596        7.684822692035588
2.9399999999999595        7.703951155128641
2.9449999999999594        7.723128301866683
2.9499999999999593        7.7423542481392245
2.954999999999959        7.761629110170042
2.959999999999959        7.780953004517689
2.964999999999959        7.800326048076011
2.969999999999959        7.819748358074674
2.974999999999959        7.839220052079683
2.9799999999999587        7.858741247993916
2.9849999999999586        7.878312064057651
2.9899999999999585        7.8979326188491035
2.9949999999999584        7.917603031284968
2.9999999999999583        7.937323420620957
3.004999999999958        7.957093906452347
3.009999999999958        7.976914608714535
3.014999999999958        7.99678564768358
3.019999999999958        8.01670714397677
3.0249999999999577        8.03667921855318
3.0299999999999576        8.056701992714231
3.0349999999999575        8.076775588104258
3.0399999999999574        8.09690012671109
3.0449999999999573        8.117075730866608
3.049999999999957        8.137302523247342
3.054999999999957        8.157580626875033
3.059999999999957        8.177910165117229
3.064999999999957        8.198291261687869
3.0699999999999568        8.218724040647881
3.0749999999999567        8.239208626405764
3.0799999999999566        8.259745143718199
3.0849999999999564        8.280333717690642
3.0899999999999563        8.300974473777936
3.0949999999999562        8.321667537784913
3.099999999999956        8.342413035867015
3.104999999999956        8.363211094530897
3.109999999999956        8.384061840635058
3.114999999999956        8.404965401390456
3.1199999999999557        8.425921904361138
3.1249999999999556        8.446931477464865
3.1299999999999555        8.46799424897375
3.1349999999999554        8.489110347514883
3.1399999999999553        8.510279902070987
3.144999999999955        8.531503041981049
3.149999999999955        8.552779896940965
3.154999999999955        8.574110597004198
3.159999999999955        8.595495272582424
3.1649999999999547        8.61693405444619
3.1699999999999546        8.638427073725579
3.1749999999999545        8.65997446191086
3.1799999999999544        8.68157635085317
3.1849999999999543        8.703232872765174
3.189999999999954        8.724944160221737
3.194999999999954        8.746710346160608
3.199999999999954        8.768531563883098
3.204999999999954        8.790407947054753
3.209999999999954        8.812339629706054
3.2149999999999537        8.834326746233103
3.2199999999999536        8.856369431398308
3.2249999999999535        8.878467820331092
3.2299999999999534        8.900622048528586
3.2349999999999532        8.92283225185633
3.239999999999953        8.945098566548983
3.244999999999953        8.96742112921104
3.249999999999953        8.989800076817527
3.254999999999953        9.012235546714738
3.2599999999999527        9.034727676620935
3.2649999999999526        9.057276604627093
3.2699999999999525        9.079882469197605
3.2749999999999524        9.102545409171029
3.2799999999999523        9.12526556376081
3.284999999999952        9.14804307255602
3.289999999999952        9.170878075522097
3.294999999999952        9.193770713001596
3.299999999999952        9.216721125714919
3.3049999999999518        9.239729454761083
3.3099999999999516        9.262795841618457
3.3149999999999515        9.285920428145529
3.3199999999999514        9.30910335658166
3.3249999999999513        9.332344769547852
3.329999999999951        9.35564481004751
3.334999999999951        9.379003621467207
3.339999999999951        9.40242134757747
3.344999999999951        9.425898132533543
3.349999999999951        9.449434120876175
3.3549999999999507        9.473029457532395
3.3599999999999506        9.496684287816306
3.3649999999999505        9.520398757429868
3.3699999999999504        9.544173012463697
3.3749999999999503        9.568007199397847
3.37999999999995        9.59190146510263
3.38499999999995        9.6158559568394
3.38999999999995        9.639870822261365
3.39499999999995        9.663946209414402
3.3999999999999497        9.688082266737856
3.4049999999999496        9.71227914306537
3.4099999999999495        9.736536987625692
3.4149999999999494        9.760855950043505
3.4199999999999493        9.785236180340249
3.424999999999949        9.809677828934944
3.429999999999949        9.834181046645035
3.434999999999949        9.858745984687218
3.439999999999949        9.883372794678277
3.4449999999999488        9.908061628635929
3.4499999999999487        9.932812638979671
3.4549999999999486        9.957625978531626
3.4599999999999485        9.982501800517388
3.4649999999999483        10.007440258566897
3.4699999999999482        10.03244150671527
3.474999999999948        10.057505699403677
3.479999999999948        10.082632991480212
3.484999999999948        10.107823538200746
3.489999999999948        10.13307749522981
3.4949999999999477        10.15839501864146
3.4999999999999476        10.183776264920164
3.5049999999999475        10.209221390961675
3.5099999999999474        10.234730554073918
3.5149999999999473        10.260303911977884
3.519999999999947        10.285941622808506
3.524999999999947        10.311643845115574
3.529999999999947        10.337410737864609
3.534999999999947        10.36324246043778
3.5399999999999467        10.389139172634806
3.5449999999999466        10.415101034673857
3.5499999999999465        10.441128207192468
3.5549999999999464        10.467220851248456
3.5599999999999463        10.493379128320827
3.564999999999946        10.519603200310712
3.569999999999946        10.545893229542276
3.574999999999946        10.572249378763653
3.579999999999946        10.598671811147875
3.584999999999946        10.625160690293802
3.5899999999999457        10.651716180227064
3.5949999999999456        10.678338445401
3.5999999999999455        10.705027650697593
3.6049999999999454        10.731783961428434
3.6099999999999453        10.758607543335655
3.614999999999945        10.785498562592892
3.619999999999945        10.812457185806236
3.624999999999945        10.8394835800152
3.629999999999945        10.866577912693673
3.6349999999999447        10.893740351750898
3.6399999999999446        10.92097106553243
3.6449999999999445        10.948270222821117
3.6499999999999444        10.975637992838074
3.6549999999999443        11.003074545243662
3.659999999999944        11.03058005013847
3.664999999999944        11.058154678064309
3.669999999999944        11.085798600005193
3.674999999999944        11.113511987388335
3.6799999999999438        11.141295012085143
3.6849999999999437        11.169147846412224
3.6899999999999435        11.197070663132378
3.6949999999999434        11.225063635455612
3.6999999999999433        11.253126937040152
3.7049999999999432        11.281260741993444
3.709999999999943        11.309465224873184
3.714999999999943        11.33774056068833
3.719999999999943        11.366086924900127
3.724999999999943        11.39450449342313
3.7299999999999427        11.422993442626241
3.7349999999999426        11.451553949333737
3.7399999999999425        11.48018619082631
3.7449999999999424        11.508890344842099
3.7499999999999423        11.537666589577745
3.754999999999942        11.566515103689426
3.759999999999942        11.595436066293917
3.764999999999942        11.624429656969635
3.769999999999942        11.6534960557577
3.7749999999999417        11.682635443162996
3.7799999999999416        11.711848000155229
3.7849999999999415        11.741133908170003
3.7899999999999414        11.770493349109882
3.7949999999999413        11.799926505345466
3.799999999999941        11.829433559716469
3.804999999999941        11.859014695532798
3.809999999999941        11.888670096575638
3.814999999999941        11.91839994709854
3.8199999999999408        11.948204431828504
3.8249999999999407        11.978083735967093
3.8299999999999406        12.008038045191503
3.8349999999999405        12.038067545655684
3.8399999999999403        12.068172423991436
3.8449999999999402        12.098352867309522
3.84999999999994        12.128609063200766
3.85499999999994        12.15894119973719
3.85999999999994        12.189349465473112
3.86499999999994        12.219834049446272
3.8699999999999397        12.250395141178966
3.8749999999999396        12.281032930679162
3.8799999999999395        12.311747608441642
3.8849999999999394        12.342539365449129
3.8899999999999393        12.37340839317343
3.894999999999939        12.404354883576577
3.899999999999939        12.435379029111976
3.904999999999939        12.466481022725548
3.909999999999939        12.497661057856893
3.9149999999999388        12.528919328440432
3.9199999999999386        12.560256028906577
3.9249999999999385        12.591671354182896
3.9299999999999384        12.623165499695268
3.9349999999999383        12.654738661369064
3.939999999999938        12.686391035630312
3.944999999999938        12.718122819406881
3.949999999999938        12.749934210129652
3.954999999999938        12.78182540573372
3.959999999999938        12.813796604659565
3.9649999999999377        12.845848005854242
3.9699999999999376        12.87797980877259
3.9749999999999375        12.910192213378416
3.9799999999999374        12.942485420145706
3.9849999999999373        12.974859630059829
3.989999999999937        13.007315044618734
3.994999999999937        13.039851865834182
3.999999999999937        13.072470296232947
4.004999999999937        13.10517053885804
4.009999999999937        13.137952797269936
4.014999999999937        13.170817275547789
4.0199999999999365        13.203764178290676
4.024999999999936        13.236793710618825
4.029999999999936        13.26990607817485
4.034999999999936        13.303101487124989
4.039999999999936        13.336380144160366
4.044999999999936        13.369742256498213
4.049999999999936        13.403188031883145
4.054999999999936        13.4367176785884
4.059999999999936        13.470331405417108
4.0649999999999356        13.504029421703548
4.0699999999999354        13.537811937314412
4.074999999999935        13.571679162650083
4.079999999999935        13.605631308645902
4.084999999999935        13.639668586773448
4.089999999999935        13.67379120904182
4.094999999999935        13.707999387998914
4.099999999999935        13.742293336732722
4.104999999999935        13.776673268872619
4.109999999999935        13.811139398590655
4.1149999999999345        13.84569194060286
4.119999999999934        13.88033111017054
4.124999999999934        13.912888175985405
4.129999999999934        13.912888175985405
4.134999999999934        13.912888175985405
4.139999999999934        13.912888175985405
4.144999999999934        13.912888175985405
4.149999999999934        13.912888175985405
4.154999999999934        13.912888175985405
4.1599999999999335        13.912888175985405
4.164999999999933        13.912888175985405
4.169999999999933        13.912888175985405
4.174999999999933        13.912888175985405
4.179999999999933        13.912888175985405
4.184999999999933        13.912888175985405
4.189999999999933        13.912888175985405
4.194999999999933        13.912888175985405
4.199999999999933        13.912888175985405
4.204999999999933        13.912888175985405
4.2099999999999325        13.912888175985405
4.214999999999932        13.912888175985405
4.219999999999932        13.912888175985405
4.224999999999932        13.912888175985405
4.229999999999932        13.912888175985405
4.234999999999932        13.912888175985405
4.239999999999932        13.912888175985405
4.244999999999932        13.912888175985405
4.249999999999932        13.912888175985405
4.2549999999999315        13.912888175985405
4.259999999999931        13.912888175985405
4.264999999999931        13.912888175985405
4.269999999999931        13.912888175985405
4.274999999999931        13.912888175985405
4.279999999999931        13.912888175985405
4.284999999999931        13.912888175985405
4.289999999999931        13.912888175985405
4.294999999999931        13.912888175985405
4.2999999999999305        13.912888175985405
4.30499999999993        13.912888175985405
4.30999999999993        13.912888175985405
4.31499999999993        13.912888175985405
4.31999999999993        13.912888175985405
4.32499999999993        13.912888175985405
4.32999999999993        13.912888175985405
4.33499999999993        13.912888175985405
4.33999999999993        13.912888175985405
4.34499999999993        13.912888175985405
4.3499999999999295        13.912888175985405
4.354999999999929        13.912888175985405
4.359999999999929        13.912888175985405
4.364999999999929        13.912888175985405
4.369999999999929        13.912888175985405
4.374999999999929        13.912888175985405
4.379999999999929        13.912888175985405
4.384999999999929        13.912888175985405
4.389999999999929        13.912888175985405
4.3949999999999285        13.912888175985405
4.399999999999928        13.912888175985405
4.404999999999928        13.912888175985405
4.409999999999928        13.912888175985405
4.414999999999928        13.912888175985405
4.419999999999928        13.912888175985405
4.424999999999928        13.912888175985405
4.429999999999928        13.912888175985405
4.434999999999928        13.912888175985405
4.439999999999928        13.912888175985405
4.4449999999999275        13.912888175985405
4.449999999999927        13.912888175985405
4.454999999999927        13.912888175985405
4.459999999999927        13.912888175985405
4.464999999999927        13.912888175985405
4.469999999999927        13.912888175985405
4.474999999999927        13.912888175985405
4.479999999999927        13.912888175985405
4.484999999999927        13.912888175985405
4.4899999999999265        13.912888175985405
4.494999999999926        13.912888175985405
4.499999999999926        13.912888175985405
4.504999999999926        13.912888175985405
4.509999999999926        13.912888175985405
4.514999999999926        13.912888175985405
4.519999999999926        13.912888175985405
4.524999999999926        13.912888175985405
4.529999999999926        13.912888175985405
4.5349999999999255        13.912888175985405
4.539999999999925        13.912888175985405
4.544999999999925        13.912888175985405
4.549999999999925        13.912888175985405
4.554999999999925        13.912888175985405
4.559999999999925        13.912888175985405
4.564999999999925        13.912888175985405
4.569999999999925        13.912888175985405
4.574999999999925        13.912888175985405
4.579999999999925        13.912888175985405
4.5849999999999245        13.912888175985405
4.589999999999924        13.912888175985405
4.594999999999924        13.912888175985405
4.599999999999924        13.912888175985405
4.604999999999924        13.912888175985405
4.609999999999924        13.912888175985405
4.614999999999924        13.912888175985405
4.619999999999924        13.912888175985405
4.624999999999924        13.912888175985405
4.6299999999999235        13.912888175985405
4.634999999999923        13.912888175985405
4.639999999999923        13.912888175985405
4.644999999999923        13.912888175985405
4.649999999999923        13.912888175985405
4.654999999999923        13.912888175985405
4.659999999999923        13.912888175985405
4.664999999999923        13.912888175985405
4.669999999999923        13.912888175985405
4.6749999999999226        13.912888175985405
4.6799999999999224        13.912888175985405
4.684999999999922        13.912888175985405
4.689999999999922        13.912888175985405
4.694999999999922        13.912888175985405
4.699999999999922        13.912888175985405
4.704999999999922        13.912888175985405
4.709999999999922        13.912888175985405
4.714999999999922        13.912888175985405
4.719999999999922        13.912888175985405
4.7249999999999215        13.912888175985405
4.729999999999921        13.912888175985405
4.734999999999921        13.912888175985405
4.739999999999921        13.912888175985405
4.744999999999921        13.912888175985405
4.749999999999921        13.912888175985405
4.754999999999921        13.912888175985405
4.759999999999921        13.912888175985405
4.764999999999921        13.912888175985405
4.7699999999999205        13.912888175985405
4.77499999999992        13.912888175985405
4.77999999999992        13.912888175985405
4.78499999999992        13.912888175985405
4.78999999999992        13.912888175985405
4.79499999999992        13.912888175985405
4.79999999999992        13.912888175985405
4.80499999999992        13.912888175985405
4.80999999999992        13.912888175985405
4.81499999999992        13.912888175985405
4.8199999999999195        13.912888175985405
4.824999999999919        13.912888175985405
4.829999999999919        13.912888175985405
4.834999999999919        13.912888175985405
4.839999999999919        13.912888175985405
4.844999999999919        13.912888175985405
4.849999999999919        13.912888175985405
4.854999999999919        13.912888175985405
4.859999999999919        13.912888175985405
4.8649999999999185        13.912888175985405
4.869999999999918        13.912888175985405
4.874999999999918        13.912888175985405
4.879999999999918        13.912888175985405
4.884999999999918        13.912888175985405
4.889999999999918        13.912888175985405
4.894999999999918        13.912888175985405
4.899999999999918        13.912888175985405
4.904999999999918        13.912888175985405
4.9099999999999175        13.912888175985405
4.914999999999917        13.912888175985405
4.919999999999917        13.912888175985405
4.924999999999917        13.912888175985405
4.929999999999917        13.912888175985405
4.934999999999917        13.912888175985405
4.939999999999917        13.912888175985405
4.944999999999917        13.912888175985405
4.949999999999917        13.912888175985405
4.954999999999917        13.912888175985405
4.9599999999999165        13.912888175985405
4.964999999999916        13.912888175985405
4.969999999999916        13.912888175985405
4.974999999999916        13.912888175985405
4.979999999999916        13.912888175985405
4.984999999999916        13.912888175985405
4.989999999999916        13.912888175985405
4.994999999999916        13.912888175985405
4.999999999999916        13.912888175985405
5.0049999999999155        13.912888175985405
5.009999999999915        13.912888175985405
5.014999999999915        13.912888175985405
5.019999999999915        13.912888175985405
5.024999999999915        13.912888175985405
5.029999999999915        13.912888175985405
5.034999999999915        13.912888175985405
5.039999999999915        13.912888175985405
5.044999999999915        13.912888175985405
5.049999999999915        13.912888175985405
5.0549999999999145        13.912888175985405
5.059999999999914        13.912888175985405
5.064999999999914        13.912888175985405
5.069999999999914        13.912888175985405
5.074999999999914        13.912888175985405
5.079999999999914        13.912888175985405
5.084999999999914        13.912888175985405
5.089999999999914        13.912888175985405
5.094999999999914        13.912888175985405
5.0999999999999135        13.912888175985405
5.104999999999913        13.912888175985405
5.109999999999913        13.912888175985405
5.114999999999913        13.912888175985405
5.119999999999913        13.912888175985405
5.124999999999913        13.912888175985405
5.129999999999913        13.912888175985405
5.134999999999913        13.912888175985405
5.139999999999913        13.912888175985405
5.1449999999999125        13.912888175985405
5.149999999999912        13.912888175985405
5.154999999999912        13.912888175985405
5.159999999999912        13.912888175985405
5.164999999999912        13.912888175985405
5.169999999999912        13.912888175985405
5.174999999999912        13.912888175985405
5.179999999999912        13.912888175985405
5.184999999999912        13.912888175985405
5.189999999999912        13.912888175985405
5.1949999999999115        13.912888175985405
5.199999999999911        13.912888175985405
5.204999999999911        13.912888175985405
5.209999999999911        13.912888175985405
5.214999999999911        13.912888175985405
5.219999999999911        13.912888175985405
5.224999999999911        13.912888175985405
5.229999999999911        13.912888175985405
5.234999999999911        13.912888175985405
5.2399999999999105        13.912888175985405
5.24499999999991        13.912888175985405
5.24999999999991        13.912888175985405
5.25499999999991        13.912888175985405
5.25999999999991        13.912888175985405
5.26499999999991        13.912888175985405
5.26999999999991        13.912888175985405
5.27499999999991        13.912888175985405
5.27999999999991        13.912888175985405
5.2849999999999095        13.912888175985405
5.289999999999909        13.912888175985405
5.294999999999909        13.912888175985405
5.299999999999909        13.912888175985405
5.304999999999909        13.912888175985405
5.309999999999909        13.912888175985405
5.314999999999909        13.912888175985405
5.319999999999909        13.912888175985405
5.324999999999909        13.912888175985405
5.329999999999909        13.912888175985405
5.3349999999999085        13.912888175985405
5.339999999999908        13.912888175985405
5.344999999999908        13.912888175985405
5.349999999999908        13.912888175985405
5.354999999999908        13.912888175985405
5.359999999999908        13.912888175985405
5.364999999999908        13.912888175985405
5.369999999999908        13.912888175985405
5.374999999999908        13.912888175985405
5.3799999999999075        13.912888175985405
5.384999999999907        13.912888175985405
5.389999999999907        13.912888175985405
5.394999999999907        13.912888175985405
5.399999999999907        13.912888175985405
5.404999999999907        13.912888175985405
5.409999999999907        13.912888175985405
5.414999999999907        13.912888175985405
5.419999999999907        13.912888175985405
5.424999999999907        13.912888175985405
5.4299999999999065        13.912888175985405
5.434999999999906        13.912888175985405
5.439999999999906        13.912888175985405
5.444999999999906        13.912888175985405
5.449999999999906        13.912888175985405
5.454999999999906        13.912888175985405
5.459999999999906        13.912888175985405
5.464999999999906        13.912888175985405
5.469999999999906        13.912888175985405
5.4749999999999055        13.912888175985405
5.479999999999905        13.912888175985405
