5.000015624910482       0.012500065104089355
5.000031249153646       0.025000364582486976
5.000046871362302       0.03750105468262937
5.000062489388006       0.050002291648046725
5.000078100301058       0.06250423171640968
5.000093700390495       0.07500703111757596
5.000109285164096       0.08751084607163705
5.000124849348374       0.10001583278696449
5.000140386888578       0.11252214745825627
5.000155890948683       0.12502994626458286
5.000171353911396       0.13753938536743307
5.00018676737815       0.15005062090875979
5.000202122169099       0.1625638090090253
5.00021740832312       0.1750791057652464
5.000232615097811       0.18759666724903934
5.000247730969484       0.20011664950466407
5.000262743633163       0.21263920854706853
5.000277640002589       0.22516450035993243
5.000292406210208       0.2376926808937105
5.000307027607174       0.2502239060636754
5.000321488763347       0.2627583317479603
5.000335773467288       0.27529611378560076
5.00034986472626       0.2878374079745762
5.000363744766222       0.3003823700698511
5.000377395031829       0.312931155781415
5.00039079618643       0.32548392077232285
5.000403928112067       0.3380408206567339
5.000416769909468       0.3506020109979504
5.000429299898053       0.3631676473064556
5.000441495615921       0.3757378850379512
5.000453333819861       0.3883128795913936
5.000464790485337       0.4008927863070303
5.000475840806499       0.41347776046443446
5.000486459196169       0.4260679572805399
5.00049661928585       0.4386635319076744
5.000506293925715       0.45126463943159223
5.0005154551846145       0.4638714348695067
5.000524074350065       0.4764840731681205
5.0005321219282575       0.48910270920165644
5.000539567644049       0.5017274977698866
5.000546380440965       0.5143585935961604
5.0005525284811965       0.5269961513254324
5.0005579791456       0.5396403255222884
5.0005626990336935       0.5522912706689707
5.000566653963663       0.5649491411634028
5.000569808972354       0.5776140913172124
5.000572128315273       0.5902862753537539
5.000573575466591       0.6029658474061291
5.0005741131191375       0.6156529615152075
5.000573703184403       0.628347771627645
5.000572306792542       0.6410504315939014
5.000569884292364       0.6537610951662571
5.0005663952513455       0.6664799159968281
5.000561798455619       0.67920704763558
5.000556051909983       0.6919426435283407
5.000549112837897       0.7046868570148118
5.000540937681484       0.7174398413265786
5.0005314821015325       0.7302017495851187
5.000520700977496       0.7429727347998101
5.000508548407495       0.7557529498659358
5.000494977708322       0.7685425475626894
5.000479941415436       0.7813416805511778
5.000463391282971       0.7941505013724233
5.000445278283741       0.8069691624453624
5.000425552609229       0.8197978160648461
5.000404163669607       0.8326366143996359
5.000381060093726       0.8454857094903998
5.000356189729128       0.8583452532477059
5.000329499642044       0.871215397450015
5.000300936117398       0.8840962937416711
5.000270444658816       0.8969880936308904
5.000237969988627       0.9098909484877491
5.000203456047865       0.9228050095421683
5.000166845996282       0.9357304278818988
5.0001280822123455       0.9486673544505023
5.00008710629325       0.961615940045333
5.000043859054918       0.9745763353155151
4.999998280532009       0.9875486907599199
4.999950309977927       1.000533156725141
4.999899885864827       1.0135298834034672
4.999846945883622       1.0265390208308538
4.999791426943991       1.0395607188848914
4.999733265174387       1.0525951272827738
4.9996723959220475       1.065642395579263
4.999608753752999       1.078702673164653
4.999542272452073       1.0917761092627303
4.9994728850229135       1.104862852928734
4.999400523687981       1.1179630530473135
4.999325119888575       1.1310768583304815
4.999246604284835       1.1442044173155703
4.99916490675576       1.15734587836318
4.999079956399211       1.1705013896551286
4.9989916815319395       1.1836710991923989
4.998900009689583       1.196855154793082
4.99880486762669       1.2100537040903199
4.998706181316733       1.2232668945302463
4.998603875952119       1.236494873369923
4.998497875944209       1.2497377876752762
4.9983881049233325       1.2629957843190296
4.998274485738805       1.2762690099786345
4.9981569404589425       1.2895576111341989
4.998035390371084       1.3028617340664135
4.9979097559816035       1.3161815248544753
4.997779957015937       1.329517129374009
4.997645912418592       1.342868693294984
4.997507540353178       1.3562363620796343
4.997364758202422       1.3696202809803693
4.997217482568188       1.383020595037686
4.997065629271507       1.3964374490780773
4.996909113352591       1.4098709877119397
4.9967478490708634       1.423321355331476
4.9965817499049825       1.436788696108595
4.9964107285528625       1.4502731539928122
4.996234696931702       1.4637748727091444
4.9960535661780145       1.4772939957560016
4.995867246647648       1.4908306664030797
4.995675647915822       1.5043850276892472
4.995478678777148       1.5179572224204287
4.995276247245668       1.5315473931674892
4.995068260554879       1.5451556822641115
4.994854625157765       1.5587822318046745
4.994635246726833       1.5724271836421257
4.994410030154146       1.5860906793858518
4.994178879551353       1.599772860399549
4.993941698249729       1.613473867799084
4.993698388800207       1.6271938424503607
4.993448852973422       1.6409329249671758
4.993192991759736       1.654691255709077
4.992930705369294       1.6684689747792156
4.99266189323205       1.682266222022197
4.992386453997814       1.6960831370219283
4.992104285536295       1.7099198590994609
4.99181528493714       1.723776527310833
4.991519348509983       1.7376532804449085
4.991216371784484       1.7515502570212096
4.99090624951038       1.7654675952877492
4.990588875657533       1.7794054332188614
4.990264143415975       1.7933639085130242
4.989931945195959       1.8073431585906836
4.989592172628011       1.8213433205920717
4.989244716562978       1.8353645313750235
4.988889467072087       1.8494069275127867
4.988526313446996       1.863470645291835
4.9881551441998475       1.8775558207096703
4.987775847063329       1.8916625894726267
4.987388308990728       1.9057910869936705
4.986992416155996       1.9199414483901942
4.986588053953802       1.9341138084818104
4.986175106999599       1.9483083017881406
4.985753459129688       1.9625250625265998
4.98532299340128       1.9767642246101798
4.9848835920925625       1.9910259216452268
4.984435136702766       2.005310286929217
4.983977507952235       2.0196174534485287
4.983510585782496       2.03394755387621
4.98303424935633       2.0483007205697423
4.982548377057846       2.0626770855688026
4.982052846492554       2.0770767805930213
4.98154753448744       2.0914999370397327
4.981032317091047       2.1059466859817295
4.980507069573552       2.1204171581650058
4.979971666426844       2.134911484006501
4.979425981364613       2.1494297935918385
4.978869887322422       2.1639722166730624
4.978303256457808       2.178538882666366
4.977725960150353       2.1931299206498225
4.977137869001785       2.2077454593611074
4.976538852836061       2.22238562719522
4.97592878069946       2.2370505522021964
4.97530752086068       2.251740362084827
4.974674940810928       2.2664551841963605
4.974030907264022       2.281195145538212
4.973375286156487       2.2959603727576616
4.9727079426476575       2.310750992145551
4.972028741119778       2.325567129633979
4.971337545178107       2.340408910793989
4.970634217651028       2.355276460833253
4.969918620590149       2.370169904593753
4.9691906152704215       2.38508936654946
4.968450062190246       2.400034970804004
4.967696821071586       2.4150068410883447
4.966930750860088       2.4300051007584353
4.966151709725198       2.4450298727928845
4.965359555060276       2.4600812797906104
4.964554143482725       2.4751594439684967
4.96373533083411       2.490264487159036
4.962902972180285       2.505396530807979
4.962056921811521       2.5205556959719706
4.961197033242637       2.5357421033161867
4.960323159213132       2.5509558731119673
4.959435151687318       2.56619712523444
4.958532861854455       2.581465979160145
4.957616140128897       2.596762553964655
4.956684836150226       2.6120869683201873
4.955738798783394       2.6274393404932144
4.954777876118878       2.642819788342068
4.953801915472818       2.6582284293145446
4.952810763387171       2.673665380445497
4.951804265629863       2.6891307583544304
4.950782267194946       2.7046246792430875
4.949744612302753       2.7201472588930358
4.9486911444000565       2.735698612663243
4.947621706160234       2.7512788554876537
4.946536139483431       2.7668881018727585
4.945434285496726       2.78252646589516
4.944315984554306       2.7981940611991343
4.9431810762376305       2.8138910009941864
4.942029399355613       2.8296173980526027
4.940860791944795       2.8453733647069983
4.939675091269527       2.8611590128478617
4.938472133822153       2.8769744539210884
4.937251755323191       2.892819798925519
4.936013790721526       2.9086951584104646
4.934758074194594       2.9246006424732336
4.933484439148586       2.94053636075665
4.932192718218633       2.9565024224465675
4.930882743269012       2.972498936269381
4.929554345393348       2.9885260104895304
4.928207354914812       3.0045837529070014
4.926841601386337       3.0206722708548246
4.925456913590822       3.0367916711965606
4.924053119541351       3.0529420603237902
4.9226300464814035       3.0691235441535953
4.921187520885077       3.085336228126033
4.9197253684573115       3.1015802172016116
4.91824341413411       3.1178556158587534
4.91674148208277       3.134162528091258
4.915219395702116       3.150501057405761
4.913676977622732       3.1668713068191807
4.9121140497071965       3.183273378856171
4.910530433050333       3.1997073755465637
4.908925947979445       3.2161733984228
4.907300414054567       3.232671548517366
4.905653650068714       3.2492019263602225
4.903985474048138       3.265764631976222
4.902295703252583       3.2823597648825302
4.900584154175547       3.2989874240860355
4.898850642544545       3.315647708080757
4.897094983321376       3.332340714845246
4.895316990702397       3.3490665418399823
4.893516478118791       3.3658252860047693
4.891693258236852       3.3826170437561154
4.8898471429582635       3.399441910984617
4.887977943420382       3.416299983052341
4.886085469996527       3.4331913547901847
4.88416953229627       3.4501161204952506
4.882229939165737       3.4670743739282055
4.8802664986879005       3.4840662083106313
4.878279018182889       3.501091716322382
4.8762673042082865       3.5181509900989227
4.874231162559449       3.535244121228675
4.872170398269819       3.552371200750345
4.870084815611238       3.569532319150261
4.8679742180942736       3.586727566359687
4.8658384084685435       3.60395703175215
4.863677188723048       3.62122080414075
4.861490360086497       3.6385189717754676
4.859277723027658       3.6558516223404656
4.857039077255684       3.6732188429513877
4.854774221720474       3.690620720152652
4.852482954613013       3.7080573399147325
4.85016507336573       3.7255287876314456
4.847820374652851       3.7430351481172206
4.845448654390772       3.760576505604373
4.843049707738412       3.778152943740369
4.840623329097592       3.795764545585082
4.838169312113409       3.8134113936080505
4.8356874496746105       3.8310935696857213
4.833177533913986       3.848811155098698
4.830639356208748       3.8665642305289722
4.828072707180926       3.884352876057159
4.825477376697762       3.9021771711597224
4.822853153872115       3.920037194706194
4.820199827062866       3.9379330249563926
4.817517183875322       3.955864739557626
4.81480501116164       3.973832415541902
4.812063095021237       3.9918361293231226
4.809291220801222       4.009875956694278
4.806489173096816       4.027951972824633
4.803656735751795       4.04606425225691
4.800793691858917       4.06421286890446
4.797899823760376       4.0823978960484375
4.794974913048237       4.100619406334961
4.792018740564899       4.1188774717722785
4.789031086403545       4.13717216372791
4.786011729908609       4.1555035529258015
4.78296044967624       4.173871709443467
4.77987702355477       4.192276702709118
4.7767612286452       4.210718601498804
4.7736128413016745       4.229197473933524
4.7704316371319715       4.247713387476355
4.76721739099799       4.266266408929559
4.763969877016254       4.284856604431695
4.760688868558413       4.303484039454715
4.757374138251739       4.3221487788010595
4.754025457979662       4.340850886600752
4.7506425988822585       4.359590426308477
4.747225331356801       4.3783674607006615
4.7437734250582695       4.397182051872546
4.740286648899897       4.41603426123525
4.736764771053697       4.434924149512831
4.733207558951021       4.453851776739341
4.7296147792830965       4.472817202255874
4.725986198001594       4.4918204847076115
4.722321580319179       4.5108616820408525
4.718620690710089       4.52994085150005
4.714883292910693       4.5490580496248345
4.711109149920083       4.568213332247031
4.707298024000648       4.5874067544876755
4.703449676678672       4.606638370754017
4.699563868744921       4.625908234736523
4.695640360255251       4.645216399405872
4.691678910531212       4.664562917009945
4.687679278160663       4.6839478390708065
4.683641220998388       4.703371216381682
4.679564496166724       4.722833099003927
4.675448860056189       4.742333536263998
4.671294068326124       4.761872576750406
4.667099875905329       4.781450268310673
4.662866036992718       4.801066658048274
4.658592305057973       4.820721792319586
4.6542784328422036       4.840415716730816
4.649924172358616       4.860148476134932
4.645529274893187       4.879920114628589
4.641093491005345       4.899730675549039
4.636616570528658       4.919580201471048
4.63209826257152       4.939468734203798
4.627538315517859       4.959396314787784
4.622936477027841       4.979362983491713
4.618292494038576       4.999368779809378
4.6136061127648444       5.019413742456553
4.6088770786998206       5.039497909367855
4.6041051366158054       5.059621317693619
4.599290030564963       5.079784003796754
4.5944315038800685       5.099986003249609
4.589529299175257       5.1202273508308105
4.584583158346791       5.140508080522112
4.579592822573818       5.160828225505232
4.5745580323191435       5.181187818158683
4.569478527330017       5.201586890054598
4.564354046638915       5.222025471955547
4.559184328564333       5.242503593811351
4.55396911071159       5.263021284755894
4.548708129973632       5.2835785731039095
4.543401122531851       5.3041754863477895
4.538047823856904       5.324812051154362
4.532647968709545       5.345488293361681
4.527201291141459       5.3662042379757935
4.521707524496107       5.3869599091675155
4.516166401409574       5.407755330269191
4.510577653811436       5.428590523771453
4.504941012925614       5.4494655113199695
4.499256209271256       5.470380313712194
4.493522972663615       5.491334950894094
4.487741032214935       5.512329441956895
4.481910116335354       5.533363805133798
4.4760299527337954       5.554438057796703
4.470100268418891       5.575552216452919
4.464120789699895       5.596706296741876
4.458091242187607       5.617900313431819
4.452011350795313       5.639134280416511
4.445880839739723       5.660408210711914
4.439699432541922       5.681722116452878
4.433466852028329       5.70307600888981
4.42718282033166       5.724469898385349
4.420847058891905       5.745903794411027
4.414459288457311       5.767377705543926
4.408019229085366       5.788891639463332
4.401526600143804       5.8104456029473734
4.394981120311606       5.832039601869668
4.3883825075800145       5.853673641195947
4.381730479253565       5.875347724980688
4.375024751951103       5.897061856363726
4.368265041606835       5.918816037566879
4.361451063471372       5.940610269890542
4.354582532112783       5.962444553710299
4.347659161417664       5.984318888473508
4.340680664592211       6.0062332726959
4.333646754163298       6.02818770395815
4.326557141979571       6.050182178902463
4.319411539212546       6.072216693229132
4.312209656357716       6.094291241693117
4.304951203235668       6.116405818100587
4.297635888993211       6.138560415305479
4.290263422104502       6.160755025206042
4.282833510372201       6.182989638741371
4.275345860928612       6.205264245887945
4.267800180236851       6.227578835656151
4.260196174092012       6.249933396086798
4.252533547622347       6.272327914247641
4.244812005290458       6.294762376229878
4.237031250894488       6.317236767144656
4.229190987569329       6.339751071119564
4.221290917787844       6.362305271295123
4.213330743362081       6.384899349821268
4.205310165444518       6.40753328785382
4.197228884529304       6.43020706555096
4.1890866004535035       6.452920662069694
4.1808830123983745       6.475674055562304
4.172617818890625       6.498467223172803
4.164290717803709       6.521300141033379
4.155901406359107       6.5441727842608355
4.147449581127633       6.56708512695302
4.1389349380307445       6.5900371421852535
4.130357172341862       6.613028802006749
4.121715978687696       6.636060077437024
4.113011051049598       6.6591309384623125
4.104242082764898       6.6822413540319605
4.095408766528275       6.705391292054825
4.086510794393118       6.728580719395663
4.077547857772914       6.751809601871512
4.068519647442634       6.77507790424807
4.059425853540135       6.79838559023606
4.050266165567569       6.821732622487603
4.041040272392808       6.845118962592568
4.03174786225087       6.8685445710749296
4.022388622745363       6.8920094073891125
4.012962240849937       6.915513429916327
4.00346840290975       6.93905659596091
3.99390679464293       6.9626388617466475
3.9842771011420717       6.986260182413097
3.9745790068757216       7.009920512011901
3.964812195689887       7.033619803503102
3.954976350809548       7.057358008751439
3.945071154840186       7.08113507852265
3.935096289769322       7.104950962479757
3.925051436968059       7.128805609179353
3.9149362771926453       7.152698966067887
3.904750490586042       7.176630979477927
3.894493756679505       7.20060159462443
3.8841657543941754       7.2246107556010095
3.8737661620426818       7.2486584053761804
3.8632946573307545       7.2727444857896115
3.8527509173588506       7.296868937548368
3.8421346186237906       7.321031700223149
3.831445437020404       7.345232712244519
3.8206830478431915       7.369471910899127
3.809847125787991       7.39374923232593
3.798937344953663       7.418064611512404
3.787953378843781       7.442417982290753
3.7768949003683376       7.4668092773341055
3.765761581845461       7.491238428152714
3.754553095003142       7.515705365090139
3.7432691109809735       7.5402100173194375
3.7319093003319024       7.564752312839331
3.7204733330239925       7.589332178470388
3.7089608784422006       7.613949539851184
3.69737160539016       7.638604321434457
3.685705182091985       7.663296446483267
3.673961276194075       7.688025837067141
3.662139554766943       7.712792414058215
3.6502396843070466       7.737596097127372
3.6382613307386396       7.762436804740369
3.6262041594156265       7.787314454153965
3.614067835123438       7.8122289614120355
3.60185202208091       7.837180241341686
3.5895563839421873       7.8621682075493675
3.5771805837986252       7.887192772416962
3.564724284180716       7.912253847097896
3.5521871470600184       7.937351341513211
3.539568833851107       7.962485164347671
3.52686900541353       7.987655223045819
3.51408732205378       8.012861423808062
3.5012234435272815       8.038103671586736
3.488277029040383       8.063381870082164
3.475247737252372       8.08869592173872
3.462135226277495       8.114045727740871
3.4489391536869927       8.139431188009224
3.4356591765111517       8.164852201196565
3.422294951241365       8.190308664683897
3.4088461338322067       8.215800474576463
3.3953123797035194       8.241327525699766
3.381693343742517       8.266889711595597
3.3679886803059       8.292486924518034
3.354198043221981       8.318119055429452
3.340321085792827       8.343785993996528
3.326357460796416       8.369487628586231
3.3123068204888044       8.395223846261812
3.2981688166063066       8.420994532778792
3.2839431003676935       8.446799572580934
3.2696293224763995       8.472638848796224
3.255227133122746       8.498512243232831
3.2407361819861773       8.524419636375077
3.226156118237515       8.550360907379389
3.2114865905412135       8.576335934070254
3.1967272470576487       8.602344592936168
3.1818777354454006       8.628386759125567
3.166937702863568       8.654462306442777
3.1519067959740803       8.680571107343933
3.1367846609440386       8.706713032932914
3.121570943448061       8.732887952957256
3.1062652886706466       8.759095735804072
3.090867341308553       8.785336248495963
3.0753767455731844       8.811609356686919
3.0597931451930034       8.83791492465822
3.0441161834159463       8.864252815314332
3.028345503011862       8.890622890178797
3.012480746274956       8.917025009390121
2.996521555026262       8.943459031697643
2.9804675706161143       8.969924814457418
2.9643184339266457       8.99642221362809
2.9480737853742927       9.022951083766749
2.931733264912322       9.049511278024791
2.9152965120333656       9.076102648143783
2.8987631657719772       9.102725044451294
2.8821328647071978       9.129378315856766
2.8654052469651394       9.156062309847325
2.848579950221586       9.182776872483645
2.8316566117046027       9.209521848395758
2.8146348681971713       9.236297080778883
2.797514356039826       9.26310241138926
2.780294711133322       9.289937680539952
2.762975568941304       9.316802727096663
2.745556564492999       9.343697388473542
2.728037332385924       9.370621500628994
2.7104175067886054       9.397574898061462
2.6926967214433173       9.424557413805237
2.674874609668834       9.451568879426233
2.6569508043632       9.47860912501778
2.638924938006515       9.5056779791964
2.620796642663733       9.532775269097582
2.6025655499874785       9.559900820371553
2.584231291220881       9.58705445717904
2.5657934972004237       9.614236002187038
2.547251798358806       9.64144527656457
2.528605824727825       9.668682099978424
2.509855205941275       9.69594629058892
2.4909995712378588       9.723237665045644
2.4720385494641164       9.75055603848319
2.4529717690773754       9.777901224516897
2.4337988581487084       9.805273035238574
2.4145194443659164       9.832671281212244
2.3951331550365227       9.860095771469846
2.375639617090785       9.887546313506967
2.356038457084727       9.915022713278557
2.3363293012031794       9.942524775194633
2.316511775262848       9.970052302115992
2.2965855047153902       9.997605095349908
2.2765501146505116       10.025182954645839
2.256405229799081       10.052785678191118
2.2361504745362595       10.080413062606635
2.215785472884648       10.10806490294254
2.1953098485174545       10.135740992673915
2.174723224761672       10.163441123696462
2.1540252246012823       10.191165086322163
2.1332154706804682       10.218912669274975
2.1122935853068516       10.246683659686475
2.0912591904547435       10.274477843091542
2.0701119077684114       10.302295003424007
2.0488513585653685       10.330134923012315
2.0274771638396767       10.357997382575178
2.0059889442652676       10.385882161217221
1.984386320199286       10.413789036424639
1.9626689116854417       10.441717784060828
1.9408363384573903       10.469668178362028
1.9188882199421233       10.497639991932967
1.8968241752633803       10.52563299574248
1.8746438232450797       10.553646959119156
1.8523467824147637       10.581681649746944
1.829932671007066       10.609736833660788
1.807401106967195       10.63781227524225
1.784751707954436       10.665907737215113
1.7619840913456717       10.69402298064101
1.739097874238922       10.72215776491502
1.7160926734569009       10.750311847761283
1.6929681055505907       10.778484985228603
1.6697237868028396       10.806676931686049
1.6463593332319741       10.834887439818548
1.622874360595429       10.863116260622485
1.5992684843934004       10.8913631434013
1.5755413198725137       10.919627835761062
1.5516924820295137       10.947910083606073
1.52772158561497       10.976209631134443
1.5036282451370047       11.004526220833661
1.4794120748650377       11.032859593476196
1.4550726888335508       11.061209488115056
1.4306097008458718       11.089575642079362
1.4060227244779777       11.117957790969925
1.3813113730823174       11.146355668654806
1.3564752597916516       11.174769007264894
1.3315139975229162       11.20319753718945
1.306427198981102       11.231640987071685
1.2812144766631548       11.260099083804306
1.2558754428618952       11.288571552525083
1.2304097096699584       11.317058116612387
1.2048168889837532       11.345558497680756
1.1790965925074415       11.37407241557644
1.153248431756936       11.402599588372938
1.1272720180639206       11.431139732366562
1.1011669625798886       11.459692562071957
1.0749328762802       11.488257790217661
1.048569369968163       11.516835127741633
1.0220760542791316       11.545424283786788
0.9954525396846248       11.574024965696541
0.9686984364964666       11.602636879010337
0.9418133548709462       11.631259727459174
0.9147969048129976       11.659893212961142
0.8876486961804012       11.688537035616948
0.8603683386880046       11.717190893705443
0.8329554419119644       11.745854483679135
0.8054096152940096       11.774527500159733
0.7777304681457237       11.803209635933653
0.7499176096528496       11.831900581947538
0.7219706488796146       11.860600027303786
0.6938891947730752       11.889307659256056
0.6656728561674848       11.918023163204797
0.6373212417886808       11.946746222692742
0.6088339602584937       11.975476519400443
0.5802106200991773       12.004213733141771
0.5514508297378596       12.03295754185943
0.5225541975110148       12.061707621620467
0.4935203316689576       12.090463646611779
0.46434884038035806       12.119225289135619
0.43503933173677845       12.147992219605111
0.4055914137572305       12.17676410653975
0.37600469439275647       12.205540616560908
0.34627878153102865       12.234321414387333
0.3164132830009736       12.263106162830665
0.2864078065774164       12.29189452279093
0.25626195998574686       12.320686153252042
0.22597535090660847       12.349480711277312
0.19554758698060826       12.378277852004942
0.1649782758130492       12.407077228643526
0.13426702497868462       12.435878492467559
0.1034134420264946       12.464681292812926
0.07241713448448467       12.493485277072411
0.04127770986450663       12.522290090691188
0.009994775667101807       12.55109537716233
-0.021432060613633477       12.579900778022298
-0.053003191485159876       12.608705932846448
-0.0847190094515846       12.63751047924453
-0.11657990700872839       12.666314052856178
-0.14858627663916996       12.695116287346423
-0.18073851080726763       12.723916814401182
-0.21303700195415845       12.752715263722763
-0.24548214249273426       12.78151126302536
-0.27807432480259514       12.81030443803056
-0.31081394122497985       12.839094412462837
-0.34370138405767325       12.867880808045058
-0.3767370455498907       12.896663244493983
-0.4099213178971394       12.925441339515764
-0.4432545932360567       12.954214708801453
-0.4767372636392248       12.982982966022504
-0.5103697211099625       13.011745722826273
-0.5441523575770939       13.04050258883153
-0.5780855648896925       13.069253171623954
-0.6121697348118035       13.097997076751653
-0.6464052590171412       13.126733907720666
-0.6807925290837635       13.15546326599047
-0.7153319364887227       13.184184750969488
-0.7500238726026923       13.212897960010604
-0.7848687286845702       13.241602488406683
-0.8198668958760585       13.27029792938606
-0.8550187651962181       13.298983874108085
-0.890324727536001       13.32765991165862
-0.9257851736527578       13.356325629045562
-0.9614004941647207       13.384980611194363
-0.9971710795454628       13.41362444094355
-1.0330973201183338       13.442256699040252
-1.06917960605087       13.470876964135712
-1.1054183273491818       13.499484812780832
-1.1418138738523147       13.528079819421688
-1.178366635226588       13.556661556395055
-1.2150770009599077       13.585229593923957
-1.251945360356054       13.613783500113188
-1.2889721025289473       13.642322840944852
-1.326157616396886       13.670847180273896
-1.363502290676762       13.699356079823664
-1.4010065138782493       13.727849099181423
-1.43867067429797       13.756325795793927
-1.4764951600136342       13.784785724962944
-1.514480358878154       13.813228439840827
-1.5526266585137338       13.841653491426056
-1.5909344463059363       13.870060428558793
-1.6294041093977203       13.89844879791644
-1.6680360346834564       13.926818144009218
-1.7068306088029157       13.955168009175699
-1.7457882181352329       13.983497933578402
-1.784909248792846       14.011807455199353
-1.824194086615408       14.040096109835657
-1.8636431171636743       14.06836343109507
-1.9032567257133661       14.096608950391593
-1.9430352972490037       14.124832196941043
-1.9829792164577187       14.153032697756645
-2.023088867723039       14.18120997764462
-2.0633646351186457       14.20936355919978
-2.1038069024021073       14.237492962801126
-2.1444160530085874       14.265597706607444
-2.1851924700445227       14.29367730655292
-2.226136536281281       14.321731276342735
-2.2672486341487876       14.34975912744869
-2.30852914572913       14.37776036910482
-2.349978452750131       14.405734508303002
-2.391596936578902       14.4336810497886
-2.4333849782153636       14.461599496056081
-2.475342958285745       14.489489347344648
-2.517471257036054       14.517350101633886
-2.559770254325519       14.545181254639397
-2.6022403296200105       14.572982299808448
-2.6448818619854273       14.600752728315628
-2.6876952300810646       14.628492029058494
-2.730680812152948       14.656199688653242
-2.773838986027146       14.683875191430367
-2.817170129103053       14.711518019430333
-2.860674618346646       14.739127652399254
-2.9043528302837123       14.766703567784573
-2.9482051409930548       14.794245240730739
-2.992231926099665       14.821752144074912
-3.0364335607678723       14.849223748342656
-3.0808104196944646       14.87665952174363
-3.1253628771017805       14.90405893016731
-3.1700913067307783       14.931421437178695
-3.2149960818340717       14.95874650401403
-3.260077575168942       14.986033589576524
-3.3053361589903223       15.013282150432085
-3.3507722050437536       15.040491640805056
-3.3963860845583116       15.06766151257396
-3.4421781682395083       15.09479121526724
-3.4881488262621656       15.121880196059024
-3.5342984282632597       15.148927899764878
-3.580627343334737       15.175933768837584
-3.6271359400163052       15.202897243362898
-3.6738245862881924       15.229817761055342
-3.720693649563882       15.256694757253989
-3.7677434966828174       15.283527664918257
-3.8149744939030756       15.310315914623704
-3.86238700689402       15.337058934557842
-3.9099814007289186       15.363756150515945
-3.957758039877535       15.390406985896885
-4.005717288198694       15.417010861698937
-4.053859508932813       15.443567196515636
-4.102185064694411       15.470075406531606
-4.1506943174645885       15.496534905518423
-4.19938762858347       15.522945104830463
-4.248265358742632       15.549305413400772
-4.297327867977487       15.575615237736937
-4.346575515659654       15.601873981916967
-4.396008660489287       15.628081047585193
-4.445627660487382       15.654235833948146
-4.495432872988054       15.680337737770477
-4.545424654630781       15.706386153370866
-4.595603361352626       15.732380472617942
-4.645969348380423       15.758320084926217
-4.6965229702229365       15.784204377252019
-4.7472645806629945       15.810032734089438
-4.798194532749583       15.835804537466291
-4.849313178789929       15.861519166940079
-4.90062087034153       15.887175999593964
-4.952117958204176       15.912774410032744
-5.003804792411928       15.93831377037885
-5.055681722225071       15.963793450268346
-5.107749096122042       15.98921281684694
-5.160007261791324       16.014571234766
-5.212456566123302       16.039868066178574
-5.265097355202112       16.06510267073545
-5.31792997429743       16.09027440558118
-5.370954767856261       16.115382625350158
-5.424172079494674       16.14042668216266
-5.477582251989521       16.165405925620952
-5.531185627270123       16.19031970280535
-5.584982546409922       16.21516735827034
-5.638973349618105       16.23994823404066
-5.693158376231201       16.264661669607452
-5.747537964704643       16.289307001924346
-5.802112452604305       16.31388356540364
-5.856882176597997       16.338390691912423
-5.911847472446947       16.362827710768745
-5.96700867499724       16.38719394873779
-6.022366118171224       16.411488730028044
-6.077920134958899       16.435711376287504
-6.133671057409265       16.45986120659988
-6.189619216621643       16.483937537480795
-6.245764942736956       16.507939682874035
-6.302108564929       16.531866954147763
-6.358650411395657       16.55571866009079
-6.415390809350106       16.579494106908818
-6.472330085011975       16.60319259822073
-6.529468563598484       16.626813435054853
-6.586806569315547       16.65035591584529
-6.644344425348838       16.673819336428192
-6.702082453854841       16.697202990038097
-6.760020975951851       16.720506167304272
-6.818160311710962       16.743728156247037
-6.876500780147003       16.766868242274153
-6.935042699209464       16.789925708177165
-6.993786385773374       16.8128998341278
-7.052732155630155       16.835789897674374
-7.111880323478444       16.858595173738173
-7.171231202914884       16.88131493460991
-7.230785106424878       16.903948449946146
-7.2905423453733205       16.92649498676573
-7.35050322999529       16.94895380944628
-7.41066806938671       16.971324179720657
-7.471037171494982       16.993605356673452
-7.531610843109587       17.015796596737477
-7.592389389852647       17.03789715369032
-7.653373116169466       17.059906278650836
-7.714562325319029       17.081823220075716
-7.775957319364479       17.10364722375606
-7.837558399163547       17.125377532813914
-7.8993658643589715       17.147013387698905
-7.961380013368862       17.168554026184815
-8.023601143377046       17.189998683366206
-8.08602955032338       17.21134659165506
-8.148665528894027       17.232596980777437
-8.211509372511703       17.253749077770113
-8.274561373325886       17.274802106977283
-8.337821822203004       17.295755290047254
-8.401291008716571       17.31660784592913
-8.464969221137318       17.337358990869582
-8.528856746423266       17.358007938409557
-8.592953870209774       17.37855389938103
-8.657260876799567       17.398996081903814
-8.721778049152714       17.41933369138232
-8.786505668876579       17.43956593050236
-8.851444016215739       17.459691999228
-8.916593370041877       17.479711094798354
-8.981954007843635       17.499622411724488
-9.047526205716427       17.519425141786257
-9.113310238352227       17.5391184740292
-9.179306379029335       17.558701594761455
-9.245514899602084       17.578173687550688
-9.311936070490539       17.597533933221012
-9.37857016067014       17.61678150984995
-9.445433545232955       17.63597784386825
-9.512296929795768       17.655174177886543
-9.579160314358584       17.67437051190484
-9.646023698921397       17.693566845923137
-9.71288708348421       17.712763179941433
-9.779750468047023       17.73195951395973
-9.846613852609838       17.751155847978026
-9.913477237172652       17.770352181996323
-9.980340621735467       17.78954851601462
-10.04720400629828       17.808744850032916
-10.114067390861095       17.827941184051213
-10.18093077542391       17.84713751806951
-10.247794159986723       17.866333852087806
-10.314657544549538       17.885530186106102
-10.381520929112352       17.9047265201244
-10.448384313675167       17.923922854142695
-10.51524769823798       17.943119188160992
-10.582111082800795       17.96231552217929
-10.648974467363608       17.981511856197585
-10.715837851926423       18.000708190215878
-10.782701236489238       18.019904524234178
-10.849564621052052       18.039100858252475
-10.916428005614867       18.058297192270768
-10.983291390177678       18.077493526289068
-11.050154774740493       18.09668986030736
-11.117018159303306       18.115886194325657
-11.183881543866121       18.135082528343958
-11.250744928428936       18.15427886236225
-11.31760831299175       18.173475196380547
-11.384471697554565       18.192671530398847
-11.451335082117378       18.21186786441714
-11.518198466680193       18.231064198435437
-11.585061851243008       18.250260532453733
-11.651925235805821       18.26945686647203
-11.718788620368636       18.28865320049033
-11.78565200493145       18.307849534508623
-11.852515389494265       18.32704586852692
-11.919378774057078       18.346242202545216
-11.986242158619893       18.365438536563513
-12.053105543182706       18.38463487058181
-12.119968927745521       18.403831204600106
-12.186832312308336       18.423027538618403
-12.25369569687115       18.442223872636696
-12.320559081433963       18.461420206654996
-12.387422465996776       18.480616540673292
-12.454285850559591       18.499812874691585
-12.521149235122405       18.519009208709885
-12.58801261968522       18.53820554272818
-12.654876004248035       18.557401876746475
-12.721739388810848       18.576598210764775
-12.788602773373661       18.595794544783068
-12.855466157936476       18.614990878801365
-12.922329542499291       18.634187212819665
-12.989192927062104       18.653383546837958
-13.05605631162492       18.672579880856254
-13.122919696187733       18.69177621487455
-13.189783080750548       18.710972548892848
-13.256646465313363       18.730168882911148
-13.323509849876176       18.74936521692944
-13.390373234438991       18.768561550947737
-13.457236619001804       18.787757884966037
-13.52410000356462       18.80695421898433
-13.590963388127431       18.826150553002627
-13.657826772690246       18.845346887020924
-13.724690157253061       18.86454322103922
-13.791553541815874       18.883739555057517
-13.85841692637869       18.902935889075813
-13.925280310941503       18.92213222309411
-13.992143695504318       18.941328557112403
-14.059007080067133       18.960524891130703
-14.125870464629946       18.979721225149
-14.192733849192761       18.998917559167293
-14.259597233755574       19.018113893185593
-14.32646061831839       19.03731022720389
-14.393324002881203       19.056506561222182
-14.460187387444018       19.075702895240482
-14.527050772006831       19.094899229258775
-14.593914156569646       19.114095563277072
-14.660777541132461       19.133291897295372
-14.727640925695274       19.152488231313665
-14.79450431025809       19.171684565331965
-14.861367694820903       19.190880899350258
-14.928231079383716       19.210077233368555
-14.99509446394653       19.229273567386855
-15.061957848509344       19.248469901405148
-15.12882123307216       19.267666235423444
-15.195684617634972       19.286862569441745
-15.262548002197788       19.306058903460038
-15.3294113867606       19.325255237478334
-15.396274771323416       19.34445157149663
-15.46313815588623       19.363647905514927
-15.530001540449044       19.38284423953322
-15.596864925011857       19.40204057355152
-15.663728309574672       19.421236907569817
-15.730591694137487       19.44043324158811
-15.797455078700303       19.45962957560641
-15.864318463263116       19.478825909624707
-15.931181847825929       19.498022243643
-15.998045232388744       19.5172185776613
-16.06490861695156       19.536414911679593
-16.13177200151437       19.55561124569789
-16.198635386077186       19.57480757971619
-16.26549877064       19.594003913734483
-16.332362155202816       19.61320024775278
-16.399225539765627       19.632396581771076
-16.466088924328442       19.651592915789372
-16.532952308891257       19.670789249807672
-16.59981569345407       19.689985583825965
-16.666679078016884       19.709181917844262
-16.7335424625797       19.728378251862562
-16.800405847142514       19.747574585880855
-16.86726923170533       19.76677091989915
-16.934132616268144       19.78596725391745
-17.000996000830956       19.805163587935745
-17.06785938539377       19.82435992195404
-17.134722769956586       19.843556255972338
-17.2015861545194       19.862752589990635
-17.268449539082212       19.88194892400893
-17.335312923645027       19.901145258027228
-17.402176308207842       19.920341592045524
-17.469039692770657       19.939537926063817
-17.53590307733347       19.958734260082117
-17.602766461896284       19.977930594100414
-17.6696298464591       19.997126928118707
-17.73649323102191       20.016323262137007
-17.803356615584725       20.0355195961553
-17.87022000014754       20.054715930173597
-17.937083384710355       20.073912264191897
-18.00394676927317       20.09310859821019
-18.070810153835986       20.11230493222849
-18.137673538398797       20.131501266246783
-18.204536922961612       20.15069760026508
-18.271400307524427       20.16989393428338
-18.33826369208724       20.189090268301673
-18.405127076650054       20.20828660231997
-18.47199046121287       20.22748293633827
-18.538853845775684       20.246679270356562
-18.6057172303385       20.26587560437486
-18.672580614901314       20.285071938393155
-18.739443999464125       20.304268272411452
-18.806307384026937       20.323464606429745
-18.873170768589752       20.342660940448045
-18.940034153152567       20.36185727446634
-19.006897537715382       20.381053608484635
-19.073760922278197       20.400249942502935
-19.140624306841012       20.41944627652123
-19.207487691403824       20.438642610539524
-19.27435107596664       20.457838944557825
-19.341214460529454       20.477035278576118
-19.40807784509227       20.496231612594414
-19.47494122965508       20.515427946612714
-19.541804614217895       20.534624280631007
-19.60866799878071       20.553820614649307
-19.675531383343525       20.5730169486676
-19.74239476790634       20.592213282685897
-19.809258152469152       20.611409616704197
-19.876121537031967       20.63060595072249
-19.942984921594782       20.649802284740787
-20.009848306157597       20.668998618759087
-20.07671169072041       20.68819495277738
-20.143575075283223       20.707391286795676
-20.21043845984604       20.726587620813973
-20.27730184440885       20.74578395483227
-20.344165228971665       20.764980288850566
-20.41102861353448       20.784176622868863
-20.477891998097295       20.80337295688716
-20.544755382660107       20.822569290905456
-20.61161876722292       20.841765624923752
-20.678482151785737       20.86096195894205
-20.74534553634855       20.880158292960342
-20.812208920911367       20.899354626978642
-20.879072305474182       20.91855096099694
-20.945935690036993       20.93774729501523
-21.01279907459981       20.956943629033532
-21.079662459162623       20.97613996305183
-21.146525843725435       20.99533629707012
-21.21338922828825       21.01453263108842
-21.280252612851065       21.033728965106715
-21.34711599741388       21.052925299125015
-21.41397938197669       21.07212163314331
-21.480842766539507       21.091317967161604
-21.54770615110232       21.110514301179904
-21.614569535665133       21.129710635198197
-21.681432920227948       21.148906969216494
-21.748296304790763       21.168103303234794
-21.815159689353578       21.187299637253087
-21.882023073916393       21.206495971271384
-21.94888645847921       21.22569230528968
-22.015749843042023       21.244888639307977
-22.082613227604835       21.26408497332627
-22.14947661216765       21.28328130734457
-22.21633999673046       21.302477641362866
-22.283203381293276       21.32167397538116
-22.35006676585609       21.34087030939946
-22.416930150418906       21.360066643417756
-22.48379353498172       21.37926297743605
-22.550656919544537       21.39845931145435
-22.61752030410735       21.417655645472642
-22.684383688670163       21.43685197949094
-22.751247073232975       21.45604831350924
-22.81811045779579       21.475244647527536
-22.8849738423586       21.494440981545836
-22.951837226921413       21.51363731556413
-23.018700611484228       21.532833649582425
-23.085563996047043       21.552029983600725
-23.152427380609854       21.571226317619022
-23.219290765172666       21.590422651637315
-23.28615414973548       21.609618985655615
-23.353017534298296       21.62881531967391
-23.41988091886111       21.64801165369221
-23.486744303423922       21.667207987710505
-23.553607687986734       21.6864043217288
-23.62047107254955       21.705600655747098
-23.687334457112364       21.724796989765395
-23.754197841675175       21.74399332378369
-23.821061226237987       21.763189657801988
-23.887924610800802       21.782385991820288
-23.954787995363617       21.80158232583858
-24.021651379926425       21.820778659856877
-24.08851476448924       21.839974993875177
-24.155378149052055       21.859171327893474
-24.222241533614866       21.878367661911767
-24.289104918177678       21.897563995930067
-24.355968302740493       21.916760329948364
-24.422831687303308       21.935956663966664
-24.48969507186612       21.95515299798496
-24.55655845642893       21.974349332003257
-24.623421840991746       21.993545666021554
-24.69028522555456       22.01274200003985
-24.757148610117373       22.031938334058147
-24.824011994680184       22.051134668076443
-24.890875379243       22.07033100209474
-24.957738763805814       22.089527336113036
-25.024602148368626       22.108723670131337
-25.091465532931437       22.12792000414963
-25.158328917494252       22.147116338167926
-25.225192302057067       22.166312672186226
-25.292055686619875       22.185509006204523
-25.35891907118269       22.204705340222816
-25.425782455745505       22.223901674241116
-25.492645840308317       22.243098008259413
-25.559509224871128       22.26229434227771
-25.626372609433943       22.28149067629601
-25.69323599399676       22.300687010314302
-25.76009937855957       22.3198833443326
-25.82696276312238       22.3390796783509
-25.893826147685196       22.358276012369195
-25.96068953224801       22.37747234638749
-26.027552916810826       22.396668680405792
-26.094416301373638       22.41586501442409
-26.16127968593645       22.43506134844238
-26.228143070499264       22.454257682460682
-26.29500645506208       22.47345401647898
-26.36186983962489       22.492650350497275
-26.428733224187702       22.511846684515575
-26.495596608750517       22.53104301853387
-26.56245999331333       22.55023935255217
-26.62932337787614       22.569435686570465
-26.696186762438955       22.58863202058876
-26.76305014700177       22.607828354607058
-26.829913531564586       22.627024688625355
-26.896776916127397       22.64622102264365
-26.96364030069021       22.66541735666195
-27.030503685253024       22.684613690680244
-27.09736706981584       22.70381002469854
-27.16423045437865       22.72300635871684
-27.23109383894146       22.742202692735138
-27.297957223504277       22.76139902675343
-27.36482060806709       22.78059536077173
-27.431683992629903       22.799791694790027
-27.498547377192715       22.818988028808324
-27.56541076175553       22.838184362826624
-27.632274146318345       22.857380696844917
-27.699137530881156       22.876577030863213
-27.766000915443968       22.895773364881514
-27.832864300006783       22.91496969889981
-27.899727684569594       22.934166032918103
-27.966591069132406       22.953362366936403
-28.03345445369522       22.9725587009547
-28.100317838258036       22.991755034972996
-28.167181222820847       23.010951368991293
-28.23404460738366       23.03014770300959
-28.300907991946474       23.04934403702789
-28.36777137650929       23.068540371046186
-28.4346347610721       23.08773670506448
-28.501498145634912       23.10693303908278
-28.568361530197727       23.126129373101076
-28.635224914760542       23.145325707119373
-28.702088299323353       23.164522041137673
-28.768951683886165       23.183718375155966
-28.83581506844898       23.202914709174262
-28.902678453011795       23.222111043192562
-28.969541837574607       23.24130737721086
-29.036405222137418       23.260503711229152
-29.103268606700233       23.279700045247452
-29.170131991263048       23.29889637926575
-29.23699537582586       23.318092713284045
-29.30385876038867       23.33728904730234
-29.370722144951486       23.35648538132064
-29.4375855295143       23.375681715338935
-29.504448914077113       23.39487804935723
-29.571312298639924       23.414074383375528
-29.63817568320274       23.433270717393825
-29.705039067765554       23.452467051412125
-29.771902452328362       23.47166338543042
-29.838765836891177       23.49085971944872
-29.90562922145399       23.510056053467014
-29.972492606016804       23.52925238748531
-30.039355990579615       23.54844872150361
-30.10621937514243       23.567645055521908
-30.173082759705245       23.5868413895402
-30.239946144268057       23.6060377235585
-30.30680952883087       23.625234057576797
-30.373672913393683       23.644430391595094
-30.4405362979565       23.66362672561339
-30.50739968251931       23.682823059631687
-30.57426306708212       23.702019393649984
-30.641126451644936       23.72121572766828
-30.70798983620775       23.740412061686577
-30.774853220770563       23.759608395704873
-30.841716605333374       23.778804729723173
-30.90857998989619       23.798001063741467
-30.975443374459005       23.817197397759763
-31.042306759021816       23.836393731778063
-31.109170143584628       23.85559006579636
-31.176033528147443       23.874786399814653
-31.242896912710258       23.893982733832953
-31.30976029727307       23.91317906785125
-31.37662368183588       23.93237540186955
-31.443487066398696       23.951571735887846
-31.51035045096151       23.970768069906143
-31.577213835524322       23.98996440392444
-31.644077220087134       24.009160737942736
-31.71094060464995       24.028357071961032
-31.777803989212764       24.04755340597933
-31.844667373775575       24.066749739997626
-31.911530758338387       24.085946074015926
-31.9783941429012       24.10514240803422
-32.04525752746402       24.124338742052515
-32.112120912026825       24.143535076070815
-32.17898429658964       24.16273141008911
-32.245847681152455       24.18192774410741
-32.31271106571527       24.20112407812571
-32.37957445027808       24.220320412143998
-32.44643783484089       24.2395167461623
-32.5133012194037       24.2587130801806
-32.580164603966516       24.277909414198888
-32.64702798852933       24.29710574821719
-32.713891373092146       24.316302082235488
-32.78075475765496       24.33549841625378
-32.84761814221777       24.35469475027208
-32.914481526780584       24.373891084290378
-32.9813449113434       24.39308741830867
-33.04820829590621       24.41228375232697
-33.11507168046902       24.431480086345267
-33.18193506503184       24.450676420363564
-33.24879844959465       24.46987275438186
-33.31566183415747       24.48906908840016
-33.382525218720275       24.508265422418454
-33.44938860328309       24.52746175643675
-33.516251987845905       24.54665809045505
-33.58311537240872       24.565854424473343
-33.649978756971535       24.58505075849164
-33.71684214153434       24.604247092509944
-33.78370552609716       24.62344342652824
-33.85056891065997       24.642639760546533
-33.91743229522278       24.661836094564833
-33.984295679785596       24.68103242858313
-34.05115906434841       24.700228762601427
-34.11802244891122       24.719425096619723
-34.18488583347404       24.738621430638023
-34.25174921803685       24.757817764656316
-34.318612602599664       24.777014098674613
-34.38547598716248       24.796210432692913
-34.45233937172529       24.815406766711206
-34.5192027562881       24.834603100729503
-34.58606614085092       24.853799434747806
