5.000062498567711       0.025000520830859376
5.000124986458326       0.05000291663958311
5.000187441796698       0.07500843734413758
5.000249830207394       0.10001833273748051
5.0003121048145385       0.1250338524250466
5.000374206241658       0.15005624576222237
5.000436062611524       0.17508676179180674
5.000497589545999       0.2001266491814546
5.000558690165883       0.22517715616109993
5.000619255090757       0.25023953046035563
5.000679162438829       0.27531501924588664
5.000738277826791       0.3004048690587537
5.000796454369658       0.32551032575172373
5.00085353268063       0.35063263442654513
5.000909340870939       0.3757730393711833
5.000963694549712       0.4009327839970144
5.00101639682383       0.4261131107759738
5.00106723829779       0.4513152611776567
5.001115997073576       0.476540475606366
5.001162438750531       0.5017899933381068
5.001206316425235       0.527065052457523
5.00124737069139       0.5523668897947727
5.001285329639707       0.5776967408623402
5.00131990885781       0.6030558397917808
5.001350811430134       0.6284454192703958
5.0013777279378475       0.6538667104778343
5.0014003364587625       0.6793209430226184
5.001418302567282       0.7048093448785898
5.001431279334332       0.7303331423212734
5.001438907327323       0.7558935598641563
5.001440814610117       0.7814918201948768
5.001436616743006       0.8071291441113246
5.001425916782712       0.8328067504576426
5.001408305282391       0.8585258560601345
5.001383360291666       0.8842876756630699
5.001350647356671       0.9100934218643857
5.0013097195201075       0.9359443050512816
5.001260117321334       0.9618415333357048
5.0012013687964645       0.9877863124897228
5.001132989478493       1.013779845880779
5.001054482397439       1.0398233344068313
5.000965338080527       1.0659179764313667
5.00086503455237       1.0920649677182932
5.000753037335205       1.1182655013667016
5.000628799449133       1.1445207677454985
5.000491761412412       1.1708319544279038
5.000341351241753       1.1972002461258124
5.000176984452675       1.223626824624016
4.999998064059878       1.2501128687142808
4.999803980577649       1.2766595541292824
4.9995941120203184       1.303268053476388
4.9993678239027375       1.3299395361712913
4.999124469240808       1.3566751683714893
4.998863388552048       1.3834761129096043
4.9985839098561975       1.4103435292265425
4.998285348675876       1.4372785733044937
4.997967008037277       1.4642823975997603
4.997628178470917       1.4913561509754203
4.997268138012435       1.5185009786338162
4.996886152203434       1.545718022048872
4.996481474092382       1.5730084188982287
4.996053344235576       1.6003733029952023
4.99560099069814       1.6278138042205574
4.995123629055109       1.655331048454094
4.994620462392551       1.6829261575060461
4.994090681308766       1.7106002490482883
4.993533463915543       1.738354436545347
4.992947975839483       1.766189829185216
4.9923333702233945       1.794107531809969
4.991688787727761       1.8221086448461723
4.991013356532267       1.850194264235088
4.990306192337425       1.8783654813626733
4.989566398366249       1.906623382989364
4.988793065366037       1.9349690511796471
4.98798527161021       1.963403563231416
4.987142082900252       1.9919279916051034
4.986262552567731       2.020543403852599
4.985345721476399       2.0492508625459336
4.9843906180244       2.0780514252057425
4.983396258146561       2.106946144229497
4.982361645316775       2.1359360668195
4.981285770550496       2.1650222349106523
4.980167612407318       2.194205685097974
4.97900613699367       2.2234874485638905
4.97780029796561       2.2528685510052737
4.976549036531728       2.2823500125602365
4.975251281456167       2.31193284773468
4.973905949061743       2.3416180653285887
4.972511943233199       2.371406668362075
4.971068155420559       2.4012996540011633
4.969573464642624       2.4312980134833198
4.968026737490574       2.4614027320427185
4.96642682813171       2.4916147888352476
4.964772578313319       2.521935156863243
4.963062817366673       2.552364802899961
4.96129636221117       2.5829046874137767
4.959472017358608       2.6135557644921095
4.957588574917596       2.6443189817650707
4.955644814598122       2.67519528032884
4.953639503716258       2.7061855946687525
4.951571397199025       2.7372908525821105
4.9494392375894       2.768511975100706
4.947241755051493       2.799849876413058
4.944977667375876       2.83130546378636
4.942645679985075       2.8628796374881325
4.9402444859392345       2.894573290707587
4.937772765941947       2.9263873094766875
4.935229188346254       2.9583225725909172
4.93261240916083       2.990379951529744
4.929921072056342       3.0225603103767797
4.927153808371986       3.05486450573964
4.924309237122225       3.0872933866694883
4.9213859650037       3.1198477945802794
4.918382586402347       3.1525285631676847
4.915297683400707       3.185336518327708
4.912129825785428       3.2182724780749794
4.908877571054985       3.2513372524607393
4.905539464427597       3.284531643490497
4.902114038849362       3.3178564450413672
4.898599815002596       3.3513124427790832
4.894995301314406       3.3849004140746897
4.891298993965468       3.418621127920896
4.8875093768990485       3.45247534484811
4.883624921830234       3.4864638168401347
4.879644088255416       3.5205872872495343
4.875565323462002       3.554846490712658
4.871387062538359       3.5892421530643386
4.867107728384023       3.623774991252237
4.862725731720139       3.658445713250857
4.858239471100162       3.693255017975211
4.8536473329208105       3.728203595194147
4.8489476914332865       3.7632921254433183
4.844138908754756       3.7985212799378183
4.839219334880093       3.8338917204844556
4.834187307693913       3.8694040993936816
4.829041152982863       3.9050590593911654
4.82377918444821       3.94085723352901
4.8183997037187       3.9767992450966188
4.812901000363716       4.012885707531195
4.807281351906736       4.049117224327893
4.8015390238390685       4.085494388949593
4.795672269633906       4.122017784736332
4.789679330760686       4.158687984814355
4.7835584366997566       4.195505552004804
4.777307804957357       4.2324710387320525
4.770925641080925       4.26958498693165
4.764410138674721       4.306847927957914
4.757759479415785       4.344260382491146
4.7509718330702295       4.381822860444468
4.744045357509859       4.419535860870302
4.736978198729152       4.457399871866451
4.7297684908625675       4.495415370481827
4.72241435620222       4.533582822621784
4.714913905215901       4.571902682953084
4.7072652365654655       4.610375394808474
4.699466437125591       4.64900139009089
4.691515582002889       4.687781089177274
4.6834107345554115       4.726714900822007
4.6751499464125255       4.7658032220599615
4.666731257495176       4.805046438109169
4.658152696036542       4.844444922273098
4.649412278603078       4.883999035842539
4.640508010115971       4.92370912799712
4.63143788387298       4.963575535706414
4.62219988157071       5.003598583630666
4.612791973327281       5.0437785840211244
4.603212117705425       5.084115836619986
4.593458261736009       5.1246106285599495
4.5835283409419825       5.165263234263362
4.573420279362767       5.206073915340993
4.56313198957908       5.247042920490398
4.552661372738204       5.2881704853938905
4.542006318579712       5.329456832616124
4.5311647054616415       5.3709021715012675
4.520134400387136       5.412506698069795
4.508913259031551       5.4542705949148695
4.497499125770025       5.496194031098334
4.48588983370554       5.538277162046297
4.474083204697457       5.580520129444332
4.462077049390533       5.622923061132259
4.44986916724445       5.665486070998549
4.437457346563821       5.708209258874309
4.4248393645287205       5.751092710426878
4.4120129872257055       5.7941364970530165
4.398975969679369       5.837340675771699
4.385726055884402       5.880705289116509
4.372260978838191       5.924230365027622
4.358578460573941       5.967915916743397
4.344676212194344       6.011761942691568
4.330551933905777       6.055768426380023
4.316203315053071       6.099935336287195
4.301628034154813       6.1442626257520425
4.286823758939223       6.188750232863634
4.271788146380591       6.233398080350331
4.256518842736294       6.278206075468569
4.2410134835843785       6.323174109891234
4.225269693861743       6.368302059595649
4.209285087902897       6.41358978475115
4.19305726947932       6.459037129606271
4.176583831839434       6.504643922375515
4.159862357749161       6.550409975125751
4.142890419533118       6.596335083662181
4.125665579116418       6.642419027413941
4.108185388067099       6.688661569319276
4.090447387639193       6.735062455710336
4.0724491088164205       6.781621416197571
4.054188072356543       6.828338163553727
4.035661788836357       6.875212393597448
4.016867758697349       6.92224378507649
3.997803472292007       6.969431999550529
3.9784664099308156       7.0167766812735834
3.9588540419299134       7.064277457076051
3.938963828659435       7.111933936246344
3.9187932205925473       7.159745710412132
3.8983396583551726       7.207712353421208
3.8776005727764185       7.255833421221959
3.8565733849397126       7.304108451743446
3.8352555062346516       7.352536964775102
3.8136443384095693       7.401118461846055
3.791737273624834       7.449852426104039
3.7695316945068775       7.49873832219396
3.7470249742029638       7.547775596136046
3.724214476436703       7.596963675203644
3.701097555564321       7.646301967800618
3.6776715566316867       7.695789863338388
3.6539338154321057       7.7454267321125805
3.6298816585648854       7.7952119251793075
3.6055124034946813       7.845144774231081
3.580823358611631       7.895224591472346
3.5558118232922737       7.945450669494644
3.530475087961278       7.995822281151428
3.50481043415397       8.046338679432486
3.4788151345796803       8.096999097338017
3.4524864531859       8.14780274775234
3.4258216452232757       8.198748823317246
3.3988179573114303       8.249836496304981
3.371472627505629       8.301064918490898
3.3437828853642864       8.35243322102572
3.315745952017332       8.40394051430748
3.287359040235436       8.455585887853104
3.258619354500104       8.507368410169631
3.229524091074645       8.559287128625112
3.2000704380760228       8.611341069319147
3.1702555755475923       8.663529236953101
3.1400766755327383       8.715850614699953
3.1095309021494124       8.768304164073834
3.0786154116655817       8.820888824799233
3.047327352575596       8.87360351467985
3.0156638656774755       8.926447129467139
2.983622084151134       8.97941854272853
2.951199133637538       9.03251660571531
2.918392132318812       9.085740147230206
2.8851981909993007       9.139087973494632
2.8516144131875825       9.192558868015633
2.8176378951794603       9.246151591452518
2.7832657261419187       9.299864881483188
2.7484949881980696       9.353697452670144
2.713322756513082       9.407647996326212
2.677746099381111       9.461715180379967
2.6417620783132296       9.515897649240847
2.6053677481263726       9.570194023663994
2.568560157033295       9.624602900614793
2.5313363467335623       9.679122853133139
2.4936933525055713       9.733752430197411
2.4556282032996064       9.78849015658817
2.417137921831954       9.843334532751596
2.3782195246800635       9.898284034662636
2.338870022378774       9.9533371136879
2.299086419517614       10.008492196448282
2.2588657148391746       10.063747684681331
2.2182049013385714       10.119101955103373
2.177100966363995       10.174553359271355
2.135550891718367       10.23010022344448
2.0935516537621015       10.285740848445567
2.0511002235169786       10.34147350952219
2.008193566771146       10.397296456207577
1.9648286441852494       10.453207912181275
1.9210024113996993       10.509206075129603
1.876711819143085       10.565289116605866
1.8319538133417417       10.621455181890365
1.786725335230478       10.677702389850195
1.7410233214644733       10.734028832798819
1.6948447042323493       10.790432576355462
1.6481864113704259       10.84691165930429
1.601045366478171       10.903464093453412
1.5534184890348457       10.960087863493662
1.5053026945173593       11.016780926857248
1.456694894519338       11.07354121357617
1.4075919968714152       11.130366626140505
1.3579909057627522       11.187255039356495
1.3078885218637972       11.244204300204492
1.2572817424502893       11.301212227696741
1.206167461528516       11.358276612734995
1.154542569961831       11.415395217968015
1.102403955598442       11.4725657776489
1.0497485034004737       11.529785997492286
0.9965730955743154       11.58705355453144
0.9428746117022619       11.644366096975192
0.8886499288754531       11.701721244064773
0.8338959218281204       11.759116585930544
0.7786094630731519       11.816549683448596
0.7227874230389767       11.874018068097275
0.6664266702077835       11.931519241813596
0.6095240712550767       11.98905067684957
0.5520764911905799       12.046609815628464
0.49408079350049344       12.104194070600952
0.43553384029111486       12.161800824101249
0.37643249243382915       12.219427428203126
0.316773609711478       12.277071204575908
0.2565540509661141       12.334729444340407
0.1957706742481497       12.392399407924811
0.1344203369669071       12.450078324920545
0.07249989604257805       12.507763393938093
0.010006208059601148       12.56545178246281
-0.05306387057853576       12.623140626710699
-0.11671348349306017       12.680827031484203
-0.18094577417223823       12.738508070027976
-0.24576388581224964       12.796180783884681
-0.3111709611566055       12.853842182750777
-0.3771701423341014       12.91148924433234
-0.4437645706952993       12.969118914200921
-0.5109573866475273       13.026728105649424
-0.5787517294883929       13.084313699548026
-0.6471507372377996       13.141872544200174
-0.7161575464684593       13.199401455198608
-0.7857752921348944       13.25689721528147
-0.8560071074009183       13.314356574188485
-0.9268561234655913       13.371776248517227
-0.9983254693876383       13.429152921579462
-1.0704182719083255       13.486483243257611
-1.1431376552727865       13.543763829861305
-1.216486741049788       13.600991263984067
-1.2904686479499305       13.658162094360103
-1.365086491642275       13.715272835721247
-1.4403433845693856       13.772319968654026
-1.516242435760785       13.829299939456892
-1.5927867506448103       13.886209159997598
-1.6699794308588642       13.943044007570766
-1.7478235740580532       13.9998008247556
-1.8263222737222047       14.056475919273804
-1.9054786189612554       14.113065563847705
-1.9852956943190034       14.169565996058546
-2.065776579575216       14.225973418205038
-2.146924349546085       14.282283997162091
-2.228742073883025       14.338493864239807
-2.311232816869803       14.39459911504271
-2.3943996372179894       14.450595809329215
-2.478245587860735       14.506479970871368
-2.5627737157448482       14.562247587314864
-2.647987061621183       14.61789461003933
-2.7338886598333136       14.67341695401892
-2.820481538104503       14.728810497683183
-2.907768717322947       14.784071082778274
-2.9957532113252903       14.83919451422847
-3.0844380266784066       14.894176559998014
-3.1738261624594393       14.949012950953316
-3.2639206100340856       15.0036993807255
-3.354724352833126       15.058231505573309
-3.4462403661271868       15.112604944246398
-3.5384716167997303       15.166815277849008
-3.631421063118263       15.220858049704024
-3.725091654503758       15.274728765217466
-3.8194863312982767       15.328422891743376
-3.914608024530796       15.381935858449141
-4.010459655681217       15.435263056181272
-4.10704413644256       15.488399837331613
-4.204364368481337       15.541341515704032
-4.302423243196088       15.594083366381572
-4.401223641474078       15.64662062559412
-4.50076843344615       15.698948490586533
-4.6010604782397255       15.75106211948731
-4.702102623729936       15.802956631177775
-4.803897706288897       15.854627105161786
-4.906448550533099       15.906068581436013
-5.009757969068922       15.957276060360767
-5.113828762236248       16.008244502531376
-5.218663717850204       16.058968828650194
-5.324265610940967       16.109443919399176
-5.430637203491681       16.15966461531307
-5.537781244174459       16.209625716653225
-5.645700468084442       16.25932198328205
-5.754397596471945       16.308748134538114
-5.863875336472655       16.357898849111898
-5.9741363808358905       16.406768764922255
-6.085183407650902       16.455352478993518
-6.197019080071221       16.50364454733332
-6.3096460460370425       16.551639484811165
-6.423066937995634       16.599331765037686
-6.537284372619766       16.64671582024465
-6.652300950524162       16.69378604116575
-6.768119255979949       16.740536776918137
-6.884741856627125       16.786962334884752
-7.002171303184999       16.83305698059745
-7.120410129160645       16.87881493762094
-7.239460850555323       16.92423038743755
-7.359325965568882       16.969297469332837
-7.480007954302132       17.01401028028205
-7.601509278457181       17.05836287483748
-7.723832381035732       17.102349265016652
-7.8469796860353185       17.145963420191464
-7.970953598143519       17.189199266978243
-8.095756502430053       17.23205068912867
-8.22139076403688       17.27451152742173
-8.347858727866173       17.31657557955657
-8.47516271826624       17.358236600046368
-8.603305038715348       17.39948830011314
-8.732287971503462       17.440324347583637
-8.862113777411894       17.480738366786177
-8.992784695390842       17.520723938448594
-9.124302942234827       17.560274599597175
-9.256670712256014       17.599383843456728
-9.389890176955412       17.638045119351695
-9.523734279569766       17.67665818755582
-9.65757838218412       17.715271255759944
-9.791422484798472       17.753884323964073
-9.925266587412825       17.792497392168197
-10.059110690027179       17.831110460372326
-10.192954792641533       17.86972352857645
-10.326798895255886       17.90833659678058
-10.460642997870238       17.946949664984704
-10.594487100484592       17.985562733188832
-10.728331203098946       18.024175801392957
-10.862175305713299       18.062788869597085
-10.996019408327653       18.10140193780121
-11.129863510942005       18.14001500600534
-11.263707613556358       18.178628074209463
-11.397551716170712       18.217241142413588
-11.531395818785066       18.255854210617713
-11.665239921399419       18.29446727882184
-11.799084024013773       18.333080347025966
-11.932928126628127       18.37169341523009
-12.06677222924248       18.41030648343422
-12.200616331856832       18.448919551638344
-12.334460434471186       18.487532619842472
-12.46830453708554       18.526145688046597
-12.602148639699893       18.564758756250725
-12.735992742314245       18.60337182445485
-12.8698368449286       18.64198489265898
-13.003680947542954       18.680597960863103
-13.137525050157306       18.719211029067232
-13.27136915277166       18.757824097271357
-13.405213255386014       18.796437165475485
-13.539057358000367       18.83505023367961
-13.672901460614721       18.873663301883738
-13.806745563229073       18.912276370087863
-13.940589665843426       18.95088943829199
-14.07443376845778       18.989502506496116
-14.208277871072134       19.028115574700237
-14.342121973686488       19.066728642904366
-14.47596607630084       19.10534171110849
-14.609810178915193       19.14395477931262
-14.743654281529547       19.182567847516744
-14.8774983841439       19.221180915720872
-15.011342486758254       19.259793983924997
-15.145186589372608       19.298407052129125
-15.279030691986963       19.33702012033325
-15.412874794601315       19.37563318853738
-15.54671889721567       19.414246256741503
-15.680562999830023       19.45285932494563
-15.814407102444374       19.491472393149756
-15.948251205058728       19.530085461353885
-16.082095307673082       19.56869852955801
-16.215939410287433       19.607311597762138
-16.349783512901787       19.645924665966263
-16.48362761551614       19.68453773417039
-16.617471718130496       19.723150802374516
-16.75131582074485       19.76176387057864
-16.8851599233592       19.80037693878277
-17.019004025973555       19.83899000698689
-17.15284812858791       19.87760307519102
-17.286692231202263       19.916216143395143
-17.420536333816614       19.95482921159927
-17.554380436430968       19.993442279803396
-17.688224539045322       20.032055348007525
-17.822068641659676       20.07066841621165
-17.95591274427403       20.109281484415778
-18.08975684688838       20.147894552619903
-18.223600949502735       20.18650762082403
-18.35744505211709       20.225120689028156
-18.491289154731444       20.263733757232284
-18.625133257345794       20.30234682543641
-18.75897735996015       20.340959893640537
-18.892821462574503       20.379572961844662
-19.026665565188857       20.418186030048787
-19.16050966780321       20.456799098252915
-19.294353770417565       20.49541216645704
-19.428197873031916       20.53402523466117
-19.56204197564627       20.572638302865293
-19.695886078260624       20.61125137106942
-19.82973018087498       20.649864439273543
-19.96357428348933       20.68847750747767
-20.097418386103683       20.727090575681796
-20.231262488718038       20.765703643885924
-20.365106591332392       20.80431671209005
-20.498950693946746       20.842929780294178
-20.632794796561097       20.881542848498302
-20.76663889917545       20.92015591670243
-20.900483001789805       20.958768984906555
-21.034327104404156       20.997382053110684
-21.16817120701851       21.03599512131481
-21.302015309632864       21.074608189518933
-21.43585941224722       21.113221257723062
-21.569703514861573       21.151834325927187
-21.703547617475923       21.190447394131315
-21.837391720090277       21.22906046233544
-21.97123582270463       21.267673530539568
-22.105079925318986       21.30628659874369
-22.238924027933336       21.344899666947818
-22.37276813054769       21.383512735151946
-22.506612233162045       21.422125803356074
-22.6404563357764       21.460738871560196
-22.774300438390753       21.499351939764324
-22.908144541005107       21.53796500796845
-23.04198864361946       21.576578076172577
-23.175832746233812       21.615191144376702
-23.309676848848166       21.65380421258083
-23.44352095146252       21.692417280784955
-23.57736505407687       21.73103034898908
-23.711209156691226       21.76964341719321
-23.84505325930558       21.808256485397333
-23.978897361919934       21.84686955360146
-24.112741464534288       21.885482621805586
-24.246585567148642       21.924095690009715
-24.380429669762997       21.96270875821384
-24.514273772377344       22.001321826417968
-24.648117874991698       22.039934894622093
-24.781961977606052       22.07854796282622
-24.915806080220406       22.117161031030342
-25.04965018283476       22.15577409923447
-25.183494285449115       22.1943871674386
-25.31733838806347       22.233000235642727
-25.45118249067782       22.27161330384685
-25.585026593292174       22.310226372050977
-25.718870695906528       22.3488394402551
-25.85271479852088       22.38745250845923
-25.986558901135236       22.42606557666336
-26.12040300374959       22.464678644867483
-26.25424710636394       22.50329171307161
-26.388091208978295       22.541904781275736
-26.52193531159265       22.580517849479865
-26.655779414207004       22.61913091768399
-26.789623516821358       22.657743985888118
-26.923467619435712       22.696357054092243
-27.057311722050066       22.73497012229637
-27.191155824664413       22.773583190500496
-27.324999927278768       22.812196258704624
-27.458844029893122       22.85080932690875
-27.592688132507476       22.889422395112874
-27.72653223512183       22.928035463317002
-27.860376337736184       22.966648531521123
-27.99422044035054       23.00526159972525
-28.12806454296489       23.04387466792938
-28.261908645579243       23.082487736133505
-28.395752748193598       23.12110080433763
-28.52959685080795       23.159713872541758
-28.663440953422302       23.198326940745883
-28.797285056036657       23.23694000895001
-28.93112915865101       23.275553077154136
-29.064973261265365       23.314166145358264
-29.19881736387972       23.35277921356239
-29.33266146649407       23.391392281766517
-29.466505569108428       23.430005349970642
-29.60034967172278       23.46861841817477
-29.73419377433713       23.507231486378895
-29.868037876951487       23.545844554583024
-30.001881979565837       23.58445762278715
-30.13572608218019       23.623070690991273
-30.269570184794546       23.661683759195398
-30.4034142874089       23.700296827399526
-30.537258390023254       23.738909895603655
-30.67110249263761       23.777522963807776
-30.80494659525196       23.816136032011904
-30.938790697866313       23.85474910021603
-31.072634800480664       23.893362168420158
-31.206478903095018       23.931975236624282
-31.340323005709372       23.97058830482841
-31.474167108323726       24.009201373032536
-31.60801121093808       24.047814441236664
-31.741855313552435       24.08642750944079
-31.875699416166785       24.125040577644917
-32.009543518781136       24.163653645849042
-32.14338762139549       24.202266714053167
-32.277231724009845       24.2408797822573
-32.4110758266242       24.279492850461423
-32.54491992923855       24.318105918665548
-32.67876403185291       24.356718986869673
-32.81260813446726       24.395332055073794
-32.946452237081616       24.43394512327793
-33.08029633969596       24.47255819148205
-33.214140442310324       24.51117125968618
-33.34798454492467       24.5497843278903
-33.481828647539025       24.588397396094436
-33.61567275015338       24.627010464298557
-33.749516852767734       24.665623532502686
-33.88336095538209       24.704236600706807
-34.01720505799644       24.74284966891094
-34.151049160610796       24.781462737115064
-34.28489326322514       24.82007580531919
-34.418737365839505       24.858688873523313
-34.55258146845385       24.897301941727445
-34.686425571068206       24.93591500993157
-34.82026967368256       24.974528078135695
-34.954113776296914       25.01314114633982
-35.08795787891127       25.051754214543944
-35.22180198152562       25.090367282748076
-35.35564608413998       25.128980350952197
-35.48949018675433       25.167593419156326
-35.623334289368685       25.206206487360447
-35.75717839198303       25.244819555564582
-35.891022494597394       25.283432623768704
-36.02486659721174       25.322045691972832
-36.15871069982609       25.360658760176953
-36.29255480244045       25.39927182838109
-36.426398905054796       25.437884896585214
-36.56024300766914       25.47649796478934
-36.694087110283505       25.515111032993467
-36.82793121289785       25.5537241011976
-36.9617753155122       25.592337169401723
-37.09561941812655       25.630950237605852
-37.22946352074091       25.669563305809973
-37.363307623355254       25.7081763740141
-37.49715172596961       25.746789442218233
-37.63099582858396       25.785402510422358
-37.76483993119831       25.824015578626486
-37.898684033812664       25.86262864683061
-38.03252813642702       25.901241715034743
-38.166372239041365       25.93985478323887
-38.30021634165571       25.978467851442993
-38.43406044427007       26.01708091964712
-38.56790454688442       26.055693987851253
-38.70174864949877       26.094307056055378
-38.83559275211312       26.132920124259506
-38.969436854727476       26.17153319246363
-39.10328095734182       26.210146260667763
-39.23712505995617       26.24875932887189
-39.37096916257053       26.287372397076012
-39.50481326518488       26.32598546528014
-39.63865736779923       26.364598533484266
-39.77250147041359       26.403211601688398
-39.906345573027934       26.441824669892526
-40.04018967564229       26.48043773809665
-40.17403377825664       26.519050806300775
-40.30787788087099       26.55766387450491
-40.44172198348534       26.596276942709032
-40.57556608609969       26.63489001091316
-40.709410188714045       26.673503079117285
-40.84325429132839       26.712116147321417
-40.97709839394275       26.750729215525546
-41.1109424965571       26.78934228372967
-41.24478659917145       26.827955351933795
-41.378630701785795       26.86656842013793
-41.512474804400156       26.905181488342052
-41.6463189070145       26.94379455654618
-41.78016300962885       26.982407624750305
-41.91400711224321       27.02102069295443
-42.04785121485756       27.059633761158565
-42.181695317471906       27.098246829362687
-42.31553942008627       27.136859897566815
-42.449383522700614       27.17547296577094
-42.58322762531496       27.21408603397507
-42.717071727929316       27.2526991021792
-42.85091583054367       27.291312170383325
-42.98475993315802       27.32992523858745
-43.11860403577237       27.368538306791585
-43.252448138386725       27.407151374995706
-43.38629224100107       27.445764443199835
-43.52013634361542       27.48437751140396
-43.653980446229774       27.52299057960809
-43.78782454884413       27.56160364781222
-43.921668651458475       27.600216716016345
-44.05551275407283       27.63882978422047
-44.18935685668718       27.677442852424598
-44.32320095930153       27.716055920628726
-44.457045061915885       27.754668988832854
-44.59088916453024       27.79328205703698
-44.724733267144586       27.831895125241104
-44.85857736975893       27.87050819344524
-44.992421472373294       27.909121261649364
-45.12626557498764       27.94773432985349
-45.26010967760199       27.986347398057617
-45.39395378021635       28.024960466261746
-45.5277978828307       28.063573534465874
-45.661641985445044       28.10218660267
-45.7954860880594       28.140799670874124
-45.92933019067375       28.17941273907826
-46.0631742932881       28.218025807282384
-46.197018395902454       28.25663887548651
-46.33086249851681       28.295251943690637
-46.464706601131155       28.33386501189476
-46.59855070374551       28.372478080098894
-46.732394806359856       28.41109114830302
-46.86623890897421       28.449704216507143
-47.00008301158856       28.488317284711272
-47.13392711420291       28.526930352915404
-47.267771216817266       28.56554342111953
-47.40161531943161       28.604156489323657
-47.53545942204597       28.642769557527778
-47.66930352466032       28.681382625731914
-47.80314762727467       28.71999569393604
-47.936991729889016       28.758608762140163
-48.07083583250338       28.79722183034429
-48.204679935117724       28.83583489854842
-48.33852403773208       28.874447966752548
-48.47236814034643       28.913061034956673
-48.60621224296078       28.951674103160798
-48.740056345575134       28.990287171364933
-48.87390044818948       29.028900239569058
-49.007744550803835       29.067513307773183
-49.14158865341818       29.10612637597731
-49.27543275603254       29.144739444181432
-49.40927685864689       29.183352512385568
-49.54312096126124       29.221965580589693
-49.67696506387559       29.260578648793818
-49.810809166489946       29.299191716997946
-49.94465326910429       29.337804785202078
-50.07849737171864       29.376417853406203
-50.212341474332995       29.41503092161033
-50.34618557694735       29.453643989814452
-50.480029679561696       29.492257058018588
-50.61387378217606       29.530870126222712
-50.747717884790404       29.569483194426837
-50.88156198740475       29.608096262630966
-51.015406090019106       29.646709330835098
-51.14925019263346       29.685322399039222
-51.28309429524781       29.72393546724335
-51.41693839786216       29.762548535447472
-51.550782500476515       29.8011616036516
-51.68462660309086       29.839774671855732
-51.81847070570522       29.878387740059857
-51.95231480831957       29.917000808263985
-52.08615891093392       29.95561387646811
-52.220003013548265       29.994226944672242
-52.35384711616262       30.03284001287637
-52.48769121877697       30.07145308108049
-52.62153532139132       30.11006614928462
-52.755379424005675       30.148679217488752
-52.88922352662003       30.187292285692877
-53.023067629234376       30.225905353897005
-53.15691173184872       30.26451842210113
-53.290755834463084       30.30313149030526
-53.42459993707743       30.34174455850939
-53.55844403969178       30.38035762671351
-53.69228814230614       30.41897069491764
-53.82613224492049       30.457583763121765
-53.959976347534834       30.496196831325896
-54.093820450149195       30.534809899530025
-54.22766455276354       30.573422967734146
-54.36150865537789       30.612036035938274
-54.495352757992244       30.650649104142406
-54.6291968606066       30.68926217234653
-54.763040963220945       30.72787524055066
-54.8968850658353       30.766488308754784
-55.03072916844965       30.805101376958916
-55.164573271064       30.84371444516304
-55.29841737367835       30.88232751336717
-55.4322614762927       30.920940581571294
-55.566105578907056       30.959553649775426
-55.6999496815214       30.99816671797955
-55.83379378413576       31.03677978618368
-55.96763788675011       31.075392854387804
-56.10148198936446       31.11400592259193
-56.23532609197881       31.15261899079606
-56.36917019459317       31.19123205900019
-56.503014297207514       31.229845127204314
-56.63685839982186       31.26845819540844
-56.77070250243622       31.30707126361257
-56.90454660505057       31.3456843318167
-57.03839070766492       31.384297400020824
-57.17223481027928       31.42291046822495
-57.306078912893625       31.46152353642908
-57.43992301550797       31.50013660463321
-57.573767118122326       31.538749672837334
-57.70761122073668       31.57736274104146
-57.84145532335103       31.61597580924559
-57.975299425965375       31.65458887744972
-58.109143528579736       31.693201945653843
-58.24298763119408       31.731815013857968
-58.37683173380844       31.770428082062093
-58.510675836422784       31.80904115026623
-58.64451993903714       31.847654218470353
-58.778364041651486       31.886267286674478
-58.91220814426585       31.924880354878603
-59.046052246880194       31.96349342308274
-59.17989634949454       32.00210649128687
-59.313740452108895       32.04071955949099
-59.44758455472325       32.07933262769511
-59.5814286573376       32.11794569589925
-59.71527275995195       32.15655876410337
-59.849116862566305       32.195171832307494
-59.98296096518065       32.23378490051162
-60.11680506779501       32.27239796871575
-60.25064917040936       32.31101103691988
-60.38449327302371       32.34962410512401
-60.51833737563806       32.388237173328136
-60.65218147825241       32.42685024153226
-60.78602558086676       32.46546330973639
-60.91986968348111       32.50407637794052
-61.05371378609547       32.54268944614464
-61.18755788870982       32.581302514348764
-61.321401991324166       32.619915582552906
-61.45524609393852       32.65852865075703
-61.589090196552874       32.69714171896115
-61.72293429916722       32.73575478716528
-61.85677840178157       32.77436785536941
-61.99062250439593       32.812980923573534
-62.12446660701028       32.85159399177766
-62.25831070962463       32.89020705998179
-62.392154812238985       32.92882012818592
-62.52599891485333       32.96743319639005
-62.65984301746768       33.006046264594175
-62.79368712008203       33.0446593327983
-62.92753122269639       33.083272401002425
-63.06137532531074       33.12188546920655
-63.195219427925096       33.16049853741068
-63.32906353053944       33.1991116056148
-63.46290763315379       33.23772467381893
-63.596751735768144       33.27633774202306
-63.7305958383825       33.31495081022719
-63.864439940996846       33.353563878431316
-63.99828404361121       33.392176946635445
-64.13212814622555       33.43079001483957
-64.26597224883992       33.4694030830437
-64.39981635145426       33.50801615124783
-64.53366045406861       33.54662921945195
-64.66750455668296       33.58524228765609
-64.8013486592973       33.62385535586021
-64.93519276191167       33.662468424064336
-65.06903686452601       33.70108149226846
-65.20288096714037       33.739694560472586
-65.33672506975472       33.778307628676714
-65.47056917236907       33.81692069688084
-65.60441327498341       33.85553376508497
-65.73825737759776       33.8941468332891
-65.87210148021212       33.93275990149323
-66.00594558282647       33.971372969697356
-66.13978968544083       34.009986037901484
-66.27363378805518       34.048599106105605
-66.40747789066953       34.08721217430974
-66.54132199328387       34.12582524251387
-66.67516609589822       34.16443831071799
-66.80901019851258       34.20305137892211
-66.94285430112693       34.24166444712625
-67.07669840374129       34.280277515330376
-67.21054250635564       34.3188905835345
-67.34438660896998       34.357503651738625
-67.47823071158433       34.39611671994275
-67.61207481419869       34.43472978814688
-67.74591891681304       34.47334285635101
-67.87976301942739       34.51195592455514
-68.01360712204175       34.55056899275926
-68.1474512246561       34.589182060963395
-68.28129532727044       34.627795129167524
-68.4151394298848       34.666408197371645
-68.54898353249915       34.705021265575766
-68.6828276351135       34.74363433377991
-68.81667173772786       34.78224740198403
-68.9505158403422       34.82086047018815
-69.08435994295655       34.85947353839228
-69.21820404557091       34.898086606596415
-69.35204814818526       34.936699674800536
-69.48589225079961       34.975312743004665
-69.61973635341397       35.01392581120879
-69.75358045602832       35.05253887941292
-69.88742455864266       35.09115194761705
-70.02126866125701       35.12976501582118
-70.15511276387137       35.168378084025306
-70.28895686648572       35.206991152229435
-70.42280096910008       35.24560422043358
-70.55664507171443       35.284217288637706
-70.69048917432879       35.32283035684185
-70.82433327694315       35.36144342504598
-70.9581773795575       35.40005649325011
-71.09202148217186       35.43866956145425
-71.2258655847862       35.477282629658376
-71.35970968740057       35.515895697862504
-71.49355379001491       35.55450876606665
-71.62739789262928       35.593121834270775
-71.76124199524364       35.63173490247492
-71.89508609785798       35.670347970679046
-72.02893020047233       35.70896103888318
-72.16277430308669       35.74757410708732
-72.29661840570105       35.786187175291445
-72.4304625083154       35.824800243495574
-72.56430661092976       35.863413311699716
-72.69815071354411       35.902026379903845
-72.83199481615847       35.94063944810797
-72.96583891877282       35.979252516312116
-73.09968302138718       36.01786558451625
-73.23352712400154       36.056478652720386
-73.36737122661589       36.095091720924515
-73.50121532923023       36.13370478912864
-73.6350594318446       36.172317857332786
-73.76890353445896       36.210930925536914
-73.9027476370733       36.24954399374104
-74.03659173968767       36.288157061945185
-74.17043584230201       36.32677013014932
-74.30427994491637       36.365383198353456
-74.43812404753072       36.403996266557584
-74.57196815014508       36.44260933476171
-74.70581225275944       36.481222402965855
-74.83965635537379       36.51983547116998
-74.97350045798815       36.55844853937411
-75.1073445606025       36.59706160757825
-75.24118866321686       36.63567467578239
-75.37503276583121       36.674287743986525
-75.50887686844555       36.712900812190654
-75.64272097105992       36.75151388039478
-75.77656507367428       36.790126948598925
-75.91040917628862       36.82874001680305
-76.04425327890297       36.86735308500718
-76.17809738151735       36.90596615321132
-76.3119414841317       36.94457922141545
-76.44578558674604       36.983192289619595
-76.5796296893604       37.02180535782372
-76.71347379197476       37.06041842602785
-76.84731789458911       37.09903149423199
-76.98116199720346       37.13764456243612
-77.11500609981783       37.17625763064025
-77.24885020243218       37.214870698844386
-77.38269430504653       37.25348376704852
-77.51653840766089       37.292096835252664
-77.65038251027524       37.33070990345679
-77.7842266128896       37.36932297166092
-77.91807071550394       37.407936039865056
-78.0519148181183       37.44654910806919
-78.18575892073267       37.48516217627332
-78.31960302334701       37.523775244477456
-78.45344712596136       37.56238831268159
-78.58729122857572       37.601001380885734
-78.72113533119008       37.63961444908986
-78.85497943380443       37.67822751729399
-78.98882353641879       37.716840585498126
-79.12266763903314       37.75545365370226
-79.2565117416475       37.79406672190639
-79.39035584426185       37.832679790110525
-79.52419994687621       37.87129285831466
-79.65804404949057       37.9099059265188
-79.79188815210492       37.94851899472293
-79.92573225471926       37.98713206292706
-80.05957635733363       38.025745131131195
-80.19342045994799       38.06435819933533
-80.32726456256233       38.10297126753946
-80.4611086651767       38.141584335743595
-80.59495276779104       38.18019740394773
-80.7287968704054       38.21881047215186
-80.86264097301975       38.257423540356
-80.9964850756341       38.29603660856013
-81.13032917824847       38.334649676764265
-81.26417328086282       38.3732627449684
-81.39801738347717       38.41187581317253
-81.53186148609153       38.450488881376664
-81.66570558870589       38.4891019495808
-81.79954969132024       38.52771501778493
-81.93339379393458       38.56632808598907
-82.06723789654896       38.6049411541932
-82.2010819991633       38.643554222397334
-82.33492610177765       38.68216729060147
-82.46877020439202       38.7207803588056
-82.60261430700638       38.759393427009734
-82.73645840962072       38.79800649521387
-82.87030251223507       38.836619563418
-83.00414661484943       38.87523263162213
-83.1379907174638       38.91384569982627
-83.27183482007814       38.9524587680304
-83.40567892269249       38.991071836234525
-83.53952302530686       39.02968490443867
-83.67336712792121       39.06829797264281
-83.80721123053556       39.10691104084694
-83.94105533314992       39.145524109051074
-84.07489943576427       39.18413717725521
-84.20874353837863       39.22275024545934
-84.34258764099297       39.26136331366347
-84.47643174360734       39.29997638186761
-84.6102758462217       39.33858945007174
-84.74411994883604       39.37720251827587
-84.87796405145039       39.41581558648001
-85.01180815406475       39.454428654684136
-85.14565225667911       39.49304172288827
-85.27949635929346       39.53165479109241
-85.41334046190782       39.570267859296536
-85.54718456452217       39.608880927500664
-85.68102866713653       39.64749399570481
-85.81487276975088       39.686107063908935
-85.94871687236524       39.72472013211308
-86.0825609749796       39.76333320031721
-86.21640507759395       39.80194626852135
-86.3502491802083       39.84055933672548
-86.48409328282266       39.87917240492961
-86.61793738543702       39.91778547313375
-86.75178148805136       39.956398541337876
-86.88562559066573       39.99501160954201
-87.01946969328009       40.03362467774615
-87.15331379589443       40.072237745950275
-87.28715789850878       40.11085081415441
-87.42100200112313       40.149463882358546
-87.5548461037375       40.188076950562674
-87.68869020635185       40.2266900187668
-87.8225343089662       40.265303086970945
-87.95637841158056       40.303916155175074
-88.09022251419492       40.3425292233792
-88.22406661680927       40.38114229158335
-88.35791071942361       40.41975535978749
-88.49175482203799       40.458368427991616
-88.62559892465234       40.49698149619575
-88.75944302726668       40.53559456439989
-88.89328712988105       40.574207632604015
-89.0271312324954       40.61282070080815
-89.16097533510975       40.651433769012286
-89.2948194377241       40.690046837216414
-89.42866354033846       40.72865990542054
-89.56250764295282       40.767272973624685
-89.69635174556717       40.80588604182881
-89.83019584818152       40.84449911003294
-89.9640399507959       40.88311217823708
-90.09788405341024       40.92172524644121
-90.23172815602459       40.96033831464534
-90.36557225863895       40.99895138284948
-90.4994163612533       41.037564451053626
-90.63326046386766       41.076177519257755
-90.767104566482       41.11479058746189
-90.90094866909637       41.153403655666025
-91.03479277171073       41.192016723870154
-91.16863687432507       41.23062979207429
-91.30248097693942       41.269242860278425
-91.43632507955378       41.30785592848255
-91.57016918216814       41.34646899668668
-91.70401328478249       41.385082064890824
-91.83785738739685       41.42369513309495
-91.9717014900112       41.46230820129908
-92.10554559262556       41.500921269503216
-92.23938969523991       41.53953433770735
-92.37323379785427       41.57814740591148
-92.50707790046863       41.616760474115615
-92.64092200308298       41.65537354231975
-92.77476610569732       41.69398661052389
-92.90861020831169       41.73259967872803
-93.04245431092605       41.771212746932164
-93.1762984135404       41.80982581513629
-93.31014251615476       41.84843888334043
-93.44398661876912       41.887051951544564
-93.57783072138346       41.92566501974869
-93.71167482399781       41.96427808795282
-93.84551892661216       42.00289115615696
-93.97936302922653       42.04150422436109
-94.11320713184088       42.08011729256522
-94.24705123445523       42.118730360769355
-94.38089533706959       42.15734342897349
-94.51473943968395       42.19595649717762
-94.6485835422983       42.234569565381754
-94.78242764491264       42.27318263358589
-94.91627174752702       42.31179570179003
-95.05011585014137       42.35040876999417
-95.18395995275571       42.3890218381983
-95.31780405537008       42.42763490640243
-95.45164815798444       42.46624797460656
-95.58549226059878       42.5048610428107
-95.71933636321313       42.54347411101483
-95.85318046582749       42.58208717921896
-95.98702456844185       42.620700247423095
-96.1208686710562       42.65931331562723
-96.25471277367055       42.69792638383136
-96.38855687628492       42.736539452035494
-96.52240097889927       42.77515252023963
-96.65624508151362       42.81376558844376
-96.79008918412798       42.85237865664789
-96.92393328674233       42.89099172485203
-97.05777738935669       42.92960479305616
-97.19162149197103       42.96821786126031
-97.3254655945854       43.00683092946444
-97.45930969719976       43.04544399766857
-97.5931537998141       43.0840570658727
-97.72699790242845       43.12267013407684
-97.86084200504281       43.16128320228097
-97.99468610765717       43.1998962704851
-98.12853021027152       43.238509338689234
-98.26237431288588       43.27712240689337
-98.39621841550023       43.3157354750975
-98.53006251811459       43.35434854330163
-98.66390662072894       43.39296161150577
-98.7977507233433       43.4315746797099
-98.93159482595766       43.47018774791403
-99.06543892857201       43.50880081611817
-99.19928303118635       43.547413884322296
-99.33312713380072       43.58602695252643
-99.46697123641508       43.62464002073058
-99.60081533902942       43.66325308893471
-99.73465944164379       43.70186615713884
-99.86850354425815       43.74047922534298
-100.0023476468725       43.77909229354711
-100.13619174948684       43.81770536175124
-100.2700358521012       43.85631842995537
-100.40387995471556       43.89493149815951
-100.53772405732991       43.933544566363636
-100.67156815994426       43.97215763456777
-100.80541226255862       44.01077070277191
-100.93925636517298       44.049383770976036
-101.07310046778733       44.08799683918017
-101.20694457040167       44.1266099073843
-101.34078867301605       44.165222975588435
-101.4746327756304       44.20383604379257
-101.60847687824474       44.2424491119967
-101.7423209808591       44.28106218020085
-101.87616508347347       44.319675248404984
-102.01000918608781       44.35828831660911
-102.14385328870216       44.39690138481325
-102.27769739131652       44.435514453017376
-102.41154149393088       44.47412752122151
-102.54538559654523       44.51274058942565
-102.67922969915958       44.551353657629775
-102.81307380177395       44.58996672583391
-102.9469179043883       44.628579794038046
-103.08076200700265       44.667192862242175
-103.21460610961701       44.70580593044631
-103.34845021223136       44.74441899865044
-103.48229431484572       44.783032066854574
-103.61613841746006       44.82164513505871
-103.74998252007443       44.86025820326284
-103.88382662268879       44.89887127146697
-104.01767072530313       44.93748433967112
-104.15151482791748       44.97609740787525
-104.28535893053184       45.01471047607939
-104.4192030331462       45.053323544283515
-104.55304713576055       45.09193661248765
-104.68689123837491       45.130549680691786
-104.82073534098927       45.169162748895914
-104.95457944360362       45.20777581710005
-105.08842354621797       45.246388885304185
-105.22226764883233       45.28500195350831
-105.35611175144669       45.32361502171245
-105.48995585406104       45.36222808991658
-105.62379995667538       45.40084115812071
-105.75764405928975       45.43945422632485
-105.8914881619041       45.47806729452898
-106.02533226451845       45.51668036273311
-106.15917636713282       45.55529343093724
-106.29302046974718       45.59390649914139
-106.42686457236152       45.632519567345526
-106.56070867497587       45.671132635549654
-106.69455277759025       45.70974570375379
-106.8283968802046       45.748358771957925
-106.96224098281894       45.78697184016205
-107.09608508543329       45.82558490836619
-107.22992918804766       45.86419797657032
-107.36377329066201       45.90281104477445
-107.49761739327636       45.94142411297859
-107.6314614958907       45.980037181182716
-107.76530559850507       46.01865024938685
-107.89914970111943       46.05726331759099
-108.03299380373377       46.095876385795115
-108.16683790634814       46.13448945399925
-108.30068200896248       46.17310252220338
-108.43452611157684       46.211715590407515
-108.5683702141912       46.250328658611664
-108.70221431680555       46.28894172681579
-108.83605841941991       46.32755479501993
-108.96990252203426       46.366167863224064
-109.10374662464862       46.40478093142819
-109.23759072726298       46.44339399963233
-109.37143482987733       46.482007067836456
-109.50527893249168       46.52062013604059
-109.63912303510602       46.55923320424473
-109.7729671377204       46.597846272448855
-109.90681124033475       46.63645934065299
-110.0406553429491       46.675072408857126
-110.17449944556344       46.713685477061254
-110.30834354817782       46.75229854526539
-110.44218765079216       46.79091161346952
-110.57603175340651       46.829524681673654
-110.70987585602087       46.86813774987779
-110.84371995863523       46.90675081808193
-110.97756406124958       46.94536388628607
-111.11140816386394       46.9839769544902
-111.2452522664783       47.02259002269433
-111.37909636909265       47.061203090898466
-111.51294047170701       47.099816159102595
-111.64678457432136       47.13842922730673
-111.78062867693572       47.177042295510866
-111.91447277955007       47.215655363714994
-112.04831688216441       47.25426843191913
-112.18216098477879       47.292881500123265
-112.31600508739314       47.33149456832739
-112.44984919000748       47.37010763653153
-112.58369329262183       47.40872070473566
-112.7175373952362       47.44733377293979
-112.85138149785055       47.48594684114393
-112.9852256004649       47.524559909348056
-113.11906970307926       47.563172977552206
-113.25291380569361       47.601786045756334
-113.38675790830797       47.64039911396047
-113.52060201092233       47.679012182164605
-113.65444611353668       47.717625250368734
-113.78829021615104       47.75623831857287
-113.92213431876539       47.794851386777005
-114.05597842137975       47.83346445498113
-114.18982252399411       47.87207752318527
-114.32366662660846       47.9106905913894
-114.4575107292228       47.94930365959353
-114.59135483183718       47.98791672779767
-114.72519893445153       48.026529796001796
-114.85904303706587       48.06514286420593
-114.99288713968022       48.10375593241007
